-5.000000000000003331e-01
2.775557561562891351e-17
1.399999999999999911e+00
2.500000000000000444e+00
2.700000000000001066e+00
-1.500000000000000000e+00
1.099999999999999867e+00
-1.199999999999999956e+00
-2.999999999999998224e-01
2.000000000000000444e+00
4.699999999999999289e+00
-1.300000000000000044e+00
-1.800000000000000266e+00
-3.000000000000000444e-01
1.199999999999999956e+00
5.999999999999999778e-01
-2.600000000000000977e+00
-6.999999999999997335e-01
2.400000000000000355e+00
1.399999999999999911e+00
1.300000000000000044e+00
-4.999999999999997780e-01
1.000000000000000000e+01
1.500000000000000000e+00
-2.000000000000002054e-01
-2.000000000000000389e-01
7.999999999999997113e-01
1.600000000000000311e+00
3.500000000000001776e+00
-1.900000000000000577e+00
-4.999999999999996669e-01
2.600000000000000977e+00
-2.000000000000000000e+00
9.999999999999997780e-02
5.999999999999999778e-01
-5.000000000000003331e-01
-3.600000000000001421e+00
-2.700000000000001066e+00
1.299999999999999822e+00
2.000000000000000389e-01
-9.999999999999998890e-01
-7.000000000000001776e-01
-1.999999999999999833e-01
4.999999999999997780e-01
-7.999999999999999334e-01
7.999999999999997113e-01
-1.099999999999999645e+00
-9.999999999999996669e-01
-1.800000000000000488e+00
1.500000000000000000e+00
3.000000000000001332e+00
-1.800000000000000488e+00
8.999999999999999112e-01
1.700000000000000178e+00
-9.999999999999997780e-02
1.000000000000000000e+01
2.200000000000000622e+00
-4.999999999999997780e-01
-8.999999999999996891e-01
1.199999999999999956e+00
1.099999999999999867e+00
-1.800000000000000266e+00
-2.000000000000000444e+00
7.999999999999999334e-01
3.300000000000001155e+00
-1.399999999999999911e+00
-2.500000000000000888e+00
-8.999999999999996891e-01
-5.999999999999997558e-01
-3.000000000000000444e-01
-2.000000000000002609e-01
3.999999999999998002e-01
6.999999999999997335e-01
-1.500000000000000222e+00
1.300000000000000044e+00
-2.300000000000000711e+00
9.999999999999998890e-01
-2.999999999999998224e-01
4.000000000000001776e+00
-1.700000000000000400e+00
-3.000000000000000444e-01
1.600000000000000089e+00
-3.000000000000001332e+00
9.999999999999997780e-02
3.999999999999998002e-01
2.600000000000000977e+00
-5.000000000000000000e-01
-3.999999999999998002e-01
7.999999999999997113e-01
2.500000000000000888e+00
6.999999999999999556e-01
2.000000000000000444e+00
1.000000000000000222e+00
1.700000000000000178e+00
-1.999999999999998168e-01
-9.999999999999997780e-02
9.999999999999997780e-02
-1.500000000000000222e+00
-7.999999999999999334e-01
3.400000000000001688e+00
1.099999999999999645e+00
2.800000000000000711e+00
5.999999999999999778e-01
9.999999999999996669e-01
2.775557561562891351e-17
-5.999999999999999778e-01
-2.000000000000002054e-01
-1.899999999999999911e+00
8.999999999999996891e-01
4.999999999999997780e-01
-4.000000000000002442e-01
2.600000000000000533e+00
5.999999999999999778e-01
8.999999999999999112e-01
-2.100000000000000533e+00
2.200000000000000622e+00
2.000000000000000444e+00
-1.099999999999999867e+00
1.800000000000000488e+00
-1.199999999999999956e+00
-5.000000000000000000e-01
8.000000000000002665e-01
9.999999999999998890e-01
1.199999999999999734e+00
2.900000000000001243e+00
-9.999999999999981126e-02
2.999999999999999889e-01
2.800000000000001155e+00
-5.000000000000000000e-01
2.500000000000000888e+00
-9.999999999999998890e-01
1.030000000000000071e+01
-1.300000000000000488e+00
3.200000000000001510e+00
9.000000000000002442e-01
-2.400000000000000799e+00
9.999999999999998890e-01
1.000000000000000333e-01
-1.500000000000000222e+00
-4.000000000000000222e-01
5.000000000000000000e-01
2.000000000000002054e-01
6.000000000000003109e-01
-3.000000000000002665e-01
-5.000000000000000000e-01
5.999999999999998668e-01
-3.000000000000000444e-01
5.999999999999997558e-01
1.900000000000000355e+00
-1.900000000000000355e+00
7.999999999999999334e-01
-2.775557561562891351e-17
1.300000000000000044e+00
-4.000000000000000222e-01
1.199999999999999956e+00
2.300000000000000711e+00
-1.999999999999998168e-01
2.700000000000001066e+00
2.999999999999996558e-01
-8.999999999999996891e-01
8.999999999999996891e-01
4.000000000000001776e+00
-6.999999999999999556e-01
2.300000000000000711e+00
5.999999999999999778e-01
1.999999999999999833e-01
-2.400000000000000799e+00
3.200000000000001066e+00
2.100000000000000089e+00
1.400000000000000133e+00
-2.200000000000000622e+00
1.800000000000000488e+00
5.000000000000000000e-01
5.000000000000000000e-01
-1.000000000000000222e+00
2.800000000000001155e+00
3.000000000000000444e-01
3.100000000000001421e+00
5.000000000000000000e-01
-1.999999999999999833e-01
4.000000000000000222e-01
-4.999999999999997780e-01
2.999999999999998224e-01
1.059999999999999964e+01
-5.999999999999999778e-01
-2.400000000000000799e+00
-9.999999999999996669e-01
3.500000000000001776e+00
1.900000000000000577e+00
-9.999999999999996669e-01
3.200000000000001510e+00
3.700000000000001510e+00
8.999999999999999112e-01
8.999999999999999112e-01
9.999999999999975575e-02
-1.600000000000000089e+00
-8.999999999999999112e-01
7.999999999999999334e-01
-2.700000000000001066e+00
1.500000000000000222e+00
2.600000000000000977e+00
2.000000000000000389e-01
-5.999999999999997558e-01
-1.000000000000000333e-01
6.999999999999999556e-01
2.000000000000000389e-01
1.400000000000000133e+00
2.100000000000000533e+00
3.999999999999998002e-01
-2.100000000000000089e+00
1.700000000000000178e+00
8.999999999999999112e-01
2.775557561562891351e-17
-6.999999999999999556e-01
8.000000000000002665e-01
-5.999999999999997558e-01
1.999999999999999833e-01
3.600000000000001865e+00
2.300000000000000711e+00
1.500000000000000222e+00
9.999999999999996669e-01
2.700000000000000622e+00
2.000000000000002054e-01
1.090000000000000036e+01
1.099999999999999645e+00
4.999999999999996669e-01
1.799999999999999822e+00
-2.400000000000000799e+00
6.999999999999997335e-01
1.399999999999999911e+00
-4.999999999999997780e-01
1.199999999999999956e+00
-9.999999999999998890e-01
3.500000000000001332e+00
1.069999999999999929e+01
2.600000000000000977e+00
-1.000000000000000333e-01
1.099999999999999645e+00
-5.000000000000000000e-01
1.599999999999999645e+00
-4.000000000000000222e-01
5.000000000000000000e-01
1.699999999999999734e+00
3.800000000000002043e+00
9.999999999999996669e-01
1.399999999999999911e+00
8.999999999999996891e-01
2.200000000000000622e+00
4.000000000000001776e+00
-9.999999999999996669e-01
-9.999999999999998890e-01
1.199999999999999734e+00
1.299999999999999822e+00
3.600000000000001421e+00
1.800000000000000711e+00
-9.999999999999998890e-01
1.800000000000000266e+00
4.999999999999998224e+00
2.000000000000000444e+00
3.300000000000001155e+00
-1.500000000000000000e+00
1.099999999999999867e+00
5.000000000000000000e-01
2.000000000000000389e-01
5.399999999999996803e+00
-2.300000000000000711e+00
-3.000000000000000444e-01
8.999999999999999112e-01
-9.999999999999996669e-01
3.999999999999998002e-01
4.000000000000000222e-01
1.800000000000000266e+00
8.999999999999996891e-01
1.600000000000000089e+00
1.000000000000000333e-01
1.199999999999999734e+00
-1.800000000000000266e+00
-1.900000000000000355e+00
9.999999999999996669e-01
-1.099999999999999867e+00
-9.999999999999970024e-02
-5.999999999999999778e-01
1.700000000000000400e+00
6.999999999999999556e-01
-2.775557561562891351e-17
1.000000000000000333e-01
-1.299999999999999822e+00
3.000000000000000444e-01
9.999999999999996669e-01
-5.999999999999997558e-01
1.090000000000000036e+01
1.999999999999999833e-01
1.099999999999999867e+00
2.600000000000000977e+00
3.500000000000001332e+00
2.500000000000000888e+00
3.800000000000001599e+00
-1.600000000000000089e+00
1.299999999999999822e+00
1.299999999999999822e+00
-4.000000000000000222e-01
1.099999999999999645e+00
2.100000000000000533e+00
-1.000000000000000333e-01
7.999999999999999334e-01
2.500000000000000888e+00
2.000000000000000389e-01
9.000000000000002442e-01
-2.000000000000002054e-01
-1.099999999999999645e+00
9.999999999999964473e-02
5.199999999999997513e+00
1.000000000000002554e-01
3.000000000000001332e+00
-9.999999999999997780e-02
4.000000000000002442e-01
2.900000000000001243e+00
2.500000000000000888e+00
2.400000000000000799e+00
2.700000000000001066e+00
3.000000000000001332e+00
-5.999999999999999778e-01
5.000000000000000000e-01
-1.099999999999999867e+00
2.000000000000000444e+00
2.100000000000000533e+00
9.999999999999996669e-01
-1.600000000000000311e+00
4.699999999999999289e+00
-1.999999999999998168e-01
1.199999999999999734e+00
-6.999999999999999556e-01
-1.600000000000000311e+00
-4.000000000000000222e-01
8.999999999999999112e-01
1.999999999999999833e-01
2.700000000000000622e+00
-9.999999999999997780e-02
-3.100000000000001421e+00
-1.399999999999999911e+00
2.775557561562891351e-17
4.799999999999998934e+00
-1.900000000000000355e+00
3.100000000000001421e+00
8.999999999999999112e-01
-2.300000000000000711e+00
3.200000000000001066e+00
2.800000000000001155e+00
2.900000000000001243e+00
9.999999999999981126e-02
5.999999999999999778e-01
9.999999999999996669e-01
-6.999999999999999556e-01
3.100000000000001421e+00
-1.399999999999999911e+00
2.500000000000000888e+00
-2.400000000000000799e+00
3.000000000000000444e-01
1.399999999999999911e+00
1.700000000000000178e+00
2.500000000000000888e+00
-9.999999999999998890e-01
-1.800000000000000266e+00
-9.999999999999998890e-01
-5.999999999999997558e-01
1.099999999999999867e+00
1.099999999999999645e+00
3.400000000000001243e+00
-1.500000000000000000e+00
1.099999999999999645e+00
5.000000000000000000e-01
2.000000000000000389e-01
-4.000000000000000222e-01
-8.999999999999999112e-01
2.500000000000000888e+00
3.200000000000001510e+00
-1.399999999999999911e+00
-7.999999999999997113e-01
-1.400000000000000133e+00
-1.299999999999999822e+00
1.199999999999999956e+00
-9.999999999999997780e-02
1.700000000000000178e+00
4.000000000000000222e-01
-5.999999999999997558e-01
1.059999999999999964e+01
1.500000000000000000e+00
3.300000000000001155e+00
1.000000000000000000e+01
-2.999999999999998224e-01
-1.500000000000000222e+00
2.200000000000000622e+00
1.199999999999999956e+00
1.600000000000000311e+00
6.999999999999999556e-01
3.600000000000001421e+00
3.700000000000001510e+00
-1.999999999999999278e-01
1.199999999999999734e+00
-4.000000000000000222e-01
-3.999999999999998002e-01
3.300000000000001599e+00
1.100000000000000311e+00
5.999999999999997558e-01
-2.999999999999997669e-01
2.500000000000000888e+00
-1.999999999999999833e-01
9.999999999999997780e-02
2.800000000000001155e+00
1.199999999999999734e+00
4.200000000000001066e+00
8.999999999999996891e-01
2.000000000000000389e-01
1.700000000000000400e+00
1.999999999999998168e-01
1.099999999999999867e+00
1.800000000000000266e+00
1.900000000000000355e+00
-5.000000000000000000e-01
-9.999999999999996669e-01
6.999999999999997335e-01
-1.000000000000000333e-01
2.800000000000000711e+00
4.999999999999997780e-01
2.400000000000000799e+00
2.300000000000000711e+00
-1.299999999999999822e+00
-1.800000000000000266e+00
1.199999999999999734e+00
3.600000000000001865e+00
-9.999999999999998890e-01
-1.600000000000000311e+00
1.099999999999999867e+00
2.300000000000000711e+00
2.700000000000000622e+00
2.775557561562891351e-17
1.399999999999999467e+00
-4.999999999999997780e-01
-5.999999999999999778e-01
-4.899999999999998579e+00
1.000000000000000333e-01
1.099999999999999645e+00
-2.000000000000000389e-01
1.000000000000000222e+00
1.000000000000000333e-01
4.100000000000001421e+00
2.800000000000001155e+00
-1.800000000000000266e+00
1.500000000000000000e+00
3.200000000000001066e+00
9.999999999999996669e-01
1.099999999999999867e+00
3.000000000000000444e-01
-6.999999999999997335e-01
3.900000000000001688e+00
1.800000000000000266e+00
2.300000000000000711e+00
1.600000000000000089e+00
1.199999999999999734e+00
-1.099999999999999645e+00
4.100000000000001421e+00
4.999999999999997780e-01
1.500000000000000000e+00
3.300000000000001599e+00
6.999999999999999556e-01
6.999999999999999556e-01
7.999999999999999334e-01
3.500000000000001332e+00
2.800000000000001155e+00
1.600000000000000311e+00
2.400000000000000799e+00
-2.000000000000002054e-01
1.600000000000000089e+00
-1.099999999999999867e+00
-2.100000000000000533e+00
-1.399999999999999911e+00
3.300000000000001599e+00
-1.099999999999999645e+00
-1.900000000000000355e+00
5.000000000000000000e-01
-5.999999999999999778e-01
5.000000000000000000e-01
-1.000000000000001998e-01
4.300000000000000711e+00
3.000000000000002665e-01
8.999999999999999112e-01
1.800000000000000266e+00
8.999999999999996891e-01
-1.600000000000000089e+00
1.600000000000000089e+00
1.700000000000000178e+00
1.399999999999999911e+00
8.999999999999999112e-01
-1.199999999999999734e+00
6.999999999999999556e-01
4.300000000000000711e+00
2.775557561562891351e-17
-1.000000000000000333e-01
1.099999999999999867e+00
3.600000000000001421e+00
2.100000000000000089e+00
-1.300000000000000044e+00
2.200000000000000622e+00
-8.999999999999999112e-01
1.300000000000000044e+00
1.099999999999999645e+00
5.000000000000002220e-01
-7.000000000000000666e-01
4.599999999999999645e+00
6.999999999999997335e-01
5.999999999999999778e-01
9.999999999999981126e-02
1.000000000000000000e+01
9.999999999999996669e-01
7.999999999999997113e-01
3.900000000000001688e+00
7.999999999999999334e-01
2.200000000000000622e+00
-3.000000000000000444e-01
1.700000000000000178e+00
2.800000000000001155e+00
1.900000000000000355e+00
-1.800000000000000266e+00
4.000000000000002442e-01
-8.999999999999996891e-01
-4.000000000000000222e-01
3.300000000000001155e+00
2.400000000000000799e+00
-1.900000000000000355e+00
2.500000000000000444e+00
2.200000000000000178e+00
4.000000000000000222e-01
3.400000000000001688e+00
2.700000000000001066e+00
9.999999999999997780e-02
-4.999999999999997780e-01
1.700000000000000178e+00
1.000000000000000333e-01
-1.600000000000000089e+00
2.900000000000001243e+00
2.700000000000000622e+00
5.399999999999996803e+00
2.400000000000000799e+00
6.999999999999999556e-01
1.099999999999999867e+00
1.000000000000000333e-01
-9.999999999999997780e-02
2.100000000000000533e+00
1.900000000000000355e+00
3.000000000000001332e+00
1.500000000000000000e+00
2.600000000000000977e+00
-2.400000000000000799e+00
6.999999999999997335e-01
7.999999999999997113e-01
-2.500000000000000888e+00
2.500000000000000888e+00
3.900000000000001688e+00
2.000000000000000444e+00
2.300000000000000711e+00
1.000000000000002554e-01
1.800000000000000266e+00
3.900000000000001688e+00
3.000000000000003220e-01
4.200000000000001066e+00
1.300000000000000044e+00
4.100000000000001421e+00
1.000000000000000333e-01
2.300000000000000711e+00
1.800000000000000266e+00
-1.600000000000000089e+00
1.099999999999999867e+00
-7.999999999999999334e-01
-2.400000000000000799e+00
1.199999999999999956e+00
-2.000000000000000444e+00
1.500000000000000222e+00
1.399999999999999911e+00
2.300000000000000711e+00
1.400000000000000133e+00
-1.099999999999999645e+00
2.700000000000001066e+00
3.500000000000001332e+00
4.300000000000000711e+00
8.000000000000002665e-01
-7.999999999999999334e-01
-5.999999999999997558e-01
1.099999999999999645e+00
1.900000000000000355e+00
-1.199999999999999734e+00
1.399999999999999911e+00
-5.999999999999993117e-01
-2.600000000000000977e+00
4.599999999999999645e+00
-1.000000000000000333e-01
5.299999999999997158e+00
1.500000000000000000e+00
3.200000000000001510e+00
3.700000000000001954e+00
3.000000000000001332e+00
1.900000000000000355e+00
3.100000000000001421e+00
2.800000000000001155e+00
3.200000000000001066e+00
-1.600000000000000089e+00
2.200000000000000622e+00
7.999999999999999334e-01
-2.775557561562891351e-17
-9.999999999999997780e-02
-1.800000000000000266e+00
1.700000000000000178e+00
4.599999999999999645e+00
9.999999999999981126e-02
2.200000000000000178e+00
-1.999999999999998168e-01
2.900000000000001243e+00
1.199999999999999734e+00
3.900000000000001688e+00
3.700000000000001510e+00
2.800000000000001155e+00
1.600000000000000089e+00
2.300000000000000711e+00
-2.000000000000000389e-01
1.500000000000000222e+00
2.900000000000001243e+00
-1.999999999999997613e-01
-1.700000000000000178e+00
4.500000000000000000e+00
3.000000000000000444e-01
-6.999999999999999556e-01
3.000000000000002665e-01
-1.199999999999999734e+00
-1.600000000000000311e+00
9.999999999999996669e-01
-8.999999999999996891e-01
4.000000000000000222e-01
1.000000000000000333e-01
-5.000000000000000000e-01
-1.300000000000000044e+00
8.999999999999999112e-01
-8.999999999999996891e-01
1.800000000000000266e+00
2.600000000000000977e+00
1.700000000000000178e+00
1.399999999999999911e+00
-1.399999999999999911e+00
1.999999999999999833e-01
4.500000000000000000e+00
4.999999999999998224e+00
4.899999999999998579e+00
-1.999999999999999833e-01
4.000000000000000222e-01
3.800000000000001599e+00
-2.000000000000000389e-01
1.600000000000000089e+00
-7.000000000000002887e-01
1.299999999999999822e+00
2.500000000000000444e+00
2.300000000000000711e+00
-1.800000000000000488e+00
-9.999999999999981126e-02
2.900000000000001243e+00
5.000000000000000000e-01
1.000000000000000333e-01
-5.999999999999999778e-01
3.600000000000001421e+00
-2.775557561562891351e-17
-8.999999999999996891e-01
9.999999999999996669e-01
3.700000000000001510e+00
3.800000000000001599e+00
2.900000000000001243e+00
3.000000000000000888e+00
5.999999999999999778e-01
4.000000000000000222e-01
1.999999999999999833e-01
5.999999999999999778e-01
-8.999999999999999112e-01
2.500000000000000888e+00
1.099999999999999645e+00
7.999999999999999334e-01
4.000000000000000222e-01
6.999999999999997335e-01
1.099999999999999867e+00
2.400000000000000799e+00
-6.999999999999999556e-01
5.000000000000000000e-01
-2.000000000000000389e-01
2.100000000000000533e+00
7.999999999999999334e-01
1.800000000000000266e+00
7.999999999999999334e-01
1.999999999999999833e-01
1.299999999999999822e+00
4.699999999999999289e+00
-5.000000000000000000e-01
2.400000000000000799e+00
4.500000000000000000e+00
4.100000000000001421e+00
2.700000000000000622e+00
8.999999999999999112e-01
-2.000000000000002054e-01
4.000000000000000222e-01
8.999999999999999112e-01
2.600000000000000977e+00
1.099999999999999867e+00
6.999999999999999556e-01
-1.800000000000000266e+00
1.399999999999999911e+00
-8.999999999999996891e-01
1.400000000000000133e+00
1.500000000000000000e+00
1.090000000000000036e+01
2.500000000000000888e+00
3.000000000000000444e-01
1.500000000000000000e+00
7.999999999999999334e-01
1.900000000000000355e+00
1.800000000000000933e+00
9.999999999999998890e-01
-9.999999999999997780e-02
4.000000000000000222e-01
2.700000000000001066e+00
3.000000000000001332e+00
5.000000000000000000e-01
-9.999999999999997780e-02
2.775557561562891351e-17
-5.000000000000000000e-01
6.999999999999997335e-01
1.700000000000000178e+00
8.999999999999996891e-01
-9.999999999999997780e-02
-2.000000000000000389e-01
-2.500000000000000888e+00
-4.000000000000000222e-01
-2.000000000000000389e-01
2.900000000000000799e+00
-5.000000000000000000e-01
9.999999999999998890e-01
3.100000000000001421e+00
2.800000000000001155e+00
-2.100000000000000533e+00
9.999999999999997780e-02
4.000000000000000222e-01
-1.300000000000000044e+00
-1.900000000000000355e+00
1.199999999999999956e+00
2.400000000000000799e+00
1.600000000000000089e+00
2.999999999999999889e-01
2.500000000000000888e+00
-4.000000000000000222e-01
2.700000000000001066e+00
1.199999999999999734e+00
4.400000000000000355e+00
1.099999999999999645e+00
1.099999999999999867e+00
2.200000000000000622e+00
-2.000000000000000389e-01
1.600000000000000089e+00
5.999999999999999778e-01
4.000000000000000222e-01
8.999999999999999112e-01
-5.000000000000001110e-01
2.500000000000000888e+00
2.300000000000000711e+00
2.600000000000000977e+00
7.999999999999999334e-01
2.400000000000000799e+00
6.000000000000003109e-01
-4.000000000000000222e-01
3.500000000000001332e+00
-1.999999999999998168e-01
2.200000000000000622e+00
3.200000000000001510e+00
3.000000000000000444e-01
8.999999999999996891e-01
9.999999999999981126e-02
2.000000000000000444e+00
1.800000000000000266e+00
5.000000000000000000e-01
1.099999999999999645e+00
2.000000000000000389e-01
5.999999999999999778e-01
2.700000000000001066e+00
-2.000000000000000444e+00
2.800000000000001155e+00
-3.200000000000001510e+00
6.999999999999999556e-01
8.999999999999996891e-01
1.600000000000000089e+00
2.400000000000000799e+00
5.999999999999999778e-01
3.000000000000000444e-01
3.500000000000001332e+00
2.000000000000002054e-01
7.999999999999997113e-01
3.800000000000001599e+00
2.500000000000000888e+00
2.000000000000001499e-01
2.300000000000000711e+00
-2.000000000000000389e-01
-9.999999999999981126e-02
2.200000000000000622e+00
-4.000000000000000222e-01
-4.000000000000000222e-01
-1.999999999999999833e-01
1.900000000000000355e+00
3.200000000000001510e+00
4.000000000000000222e-01
8.999999999999999112e-01
1.600000000000000089e+00
2.000000000000000444e+00
4.000000000000000222e-01
1.800000000000000266e+00
2.000000000000000389e-01
-9.999999999999997780e-02
3.400000000000001243e+00
2.300000000000000711e+00
1.199999999999999956e+00
1.999999999999998723e-01
1.099999999999999867e+00
1.299999999999999822e+00
1.099999999999999867e+00
3.000000000000000888e+00
1.700000000000000178e+00
2.600000000000000977e+00
-2.775557561562891351e-17
7.999999999999999334e-01
-1.400000000000000133e+00
2.700000000000001066e+00
2.500000000000000888e+00
2.775557561562891351e-17
3.000000000000001332e+00
-2.775557561562891351e-17
1.600000000000000089e+00
2.000000000000000444e+00
2.600000000000000977e+00
-1.700000000000000178e+00
2.100000000000000533e+00
1.400000000000000133e+00
3.500000000000001776e+00
8.999999999999999112e-01
-3.000000000000000444e-01
2.800000000000001155e+00
2.200000000000000622e+00
-8.999999999999996891e-01
2.300000000000000711e+00
3.100000000000001421e+00
-2.000000000000000389e-01
2.700000000000001066e+00
-2.999999999999998224e-01
3.500000000000001332e+00
3.400000000000001243e+00
3.100000000000000977e+00
-1.099999999999999645e+00
2.100000000000000533e+00
1.300000000000000044e+00
4.000000000000001776e+00
4.000000000000001776e+00
1.800000000000000266e+00
3.000000000000001332e+00
2.000000000000000389e-01
2.800000000000000711e+00
-6.999999999999999556e-01
2.900000000000001243e+00
4.799999999999998934e+00
2.775557561562891351e-17
1.099999999999999867e+00
1.099999999999999645e+00
3.999999999999998002e-01
2.800000000000001155e+00
1.400000000000000577e+00
1.000000000000000333e-01
3.400000000000001688e+00
9.999999999999998890e-01
3.100000000000001421e+00
2.999999999999998224e-01
-1.099999999999999645e+00
5.000000000000000000e-01
-7.999999999999999334e-01
1.700000000000000178e+00
3.200000000000001510e+00
4.300000000000000711e+00
1.700000000000000178e+00
4.400000000000000355e+00
1.900000000000000355e+00
8.999999999999999112e-01
1.800000000000000266e+00
2.400000000000000799e+00
-1.999999999999999833e-01
2.500000000000000888e+00
2.600000000000000977e+00
3.700000000000001954e+00
2.100000000000000533e+00
3.600000000000001421e+00
2.400000000000000799e+00
-6.999999999999999556e-01
6.999999999999999556e-01
3.300000000000001599e+00
1.399999999999999911e+00
-9.999999999999981126e-02
3.000000000000001332e+00
2.300000000000000711e+00
3.300000000000001155e+00
5.199999999999997513e+00
-2.000000000000000389e-01
-9.999999999999997780e-02
2.500000000000000888e+00
1.000000000000000333e-01
1.600000000000000089e+00
-9.999999999999998890e-01
2.200000000000000622e+00
-3.400000000000001688e+00
3.100000000000001421e+00
3.400000000000001243e+00
2.900000000000000799e+00
3.200000000000001510e+00
4.999999999999998224e+00
1.700000000000000178e+00
1.000000000000000333e-01
3.000000000000001332e+00
2.300000000000000711e+00
5.399999999999996803e+00
1.199999999999999956e+00
3.100000000000001421e+00
1.900000000000000355e+00
1.900000000000000355e+00
6.999999999999999556e-01
1.199999999999999734e+00
3.900000000000001688e+00
2.400000000000000799e+00
9.999999999999997780e-02
2.600000000000000977e+00
2.200000000000000622e+00
4.200000000000001066e+00
4.000000000000001776e+00
2.100000000000000533e+00
3.000000000000000444e-01
3.000000000000000444e-01
3.500000000000001332e+00
3.700000000000001510e+00
2.100000000000000533e+00
1.600000000000000311e+00
1.000000000000000333e-01
5.999999999999997558e-01
1.399999999999999911e+00
2.800000000000001155e+00
1.700000000000000178e+00
2.600000000000000533e+00
5.000000000000000000e-01
2.000000000000000389e-01
-5.000000000000000000e-01
1.040000000000000036e+01
3.400000000000001243e+00
2.100000000000000089e+00
2.100000000000000533e+00
1.500000000000000000e+00
7.999999999999997113e-01
3.600000000000001421e+00
4.500000000000000000e+00
2.100000000000000533e+00
5.399999999999996803e+00
1.059999999999999964e+01
6.999999999999997335e-01
2.800000000000001155e+00
3.300000000000001155e+00
8.999999999999999112e-01
1.600000000000000089e+00
5.299999999999997158e+00
2.600000000000000977e+00
1.700000000000000178e+00
4.000000000000000222e-01
4.300000000000000711e+00
1.999999999999998168e-01
7.999999999999999334e-01
1.800000000000000266e+00
1.900000000000000355e+00
2.400000000000000799e+00
4.400000000000000355e+00
1.900000000000000355e+00
2.600000000000000977e+00
6.999999999999999556e-01
2.000000000000000389e-01
2.400000000000000799e+00
4.799999999999998934e+00
-6.999999999999999556e-01
4.300000000000000711e+00
2.200000000000000622e+00
-2.999999999999999889e-01
8.999999999999999112e-01
2.300000000000000711e+00
6.999999999999999556e-01
4.599999999999999645e+00
1.199999999999999956e+00
1.399999999999999911e+00
4.200000000000001066e+00
4.999999999999998224e+00
2.000000000000000389e-01
4.000000000000000222e-01
