1.000000000000000000e+03
1.000000000000000000e+03
1.000000000000000000e+03
1.000000000000000000e+03
1.000000000000000000e+03
1.000000000000000000e+03
1.000000000000000000e+03
1.000000000000000000e+03
1.000000000000000000e+03
1.000000000000000000e+03
1.000000000000000000e+03
1.000000000000000000e+03
1.000000000000000000e+03
1.000000000000000000e+03
1.000000000000000000e+03
1.000000000000000000e+03
1.000000000000000000e+03
1.000000000000000000e+03
1.000000000000000000e+03
1.000000000000000000e+03
1.000000000000000000e+03
1.000000000000000000e+03
1.000000000000000000e+03
5.470000000000000000e+02
1.000000000000000000e+03
1.000000000000000000e+03
1.000000000000000000e+03
1.000000000000000000e+03
1.000000000000000000e+03
1.000000000000000000e+03
1.000000000000000000e+03
1.000000000000000000e+03
1.000000000000000000e+03
1.000000000000000000e+03
2.530000000000000000e+02
1.000000000000000000e+03
1.000000000000000000e+03
1.000000000000000000e+03
1.000000000000000000e+03
1.000000000000000000e+03
1.000000000000000000e+03
1.000000000000000000e+03
1.000000000000000000e+03
1.000000000000000000e+03
1.000000000000000000e+03
1.000000000000000000e+03
5.610000000000000000e+02
1.000000000000000000e+03
1.000000000000000000e+03
1.000000000000000000e+03
1.000000000000000000e+03
1.000000000000000000e+03
1.000000000000000000e+03
1.000000000000000000e+03
1.000000000000000000e+03
1.000000000000000000e+03
1.000000000000000000e+03
4.100000000000000000e+02
1.000000000000000000e+03
1.000000000000000000e+03
1.000000000000000000e+03
1.000000000000000000e+03
5.730000000000000000e+02
1.000000000000000000e+03
1.000000000000000000e+03
1.000000000000000000e+03
9.200000000000000000e+02
1.000000000000000000e+03
1.000000000000000000e+03
1.000000000000000000e+03
1.000000000000000000e+03
1.000000000000000000e+03
1.000000000000000000e+03
1.000000000000000000e+03
1.000000000000000000e+03
1.000000000000000000e+03
1.000000000000000000e+03
3.770000000000000000e+02
1.000000000000000000e+03
1.000000000000000000e+03
1.000000000000000000e+03
1.000000000000000000e+03
1.000000000000000000e+03
1.000000000000000000e+03
1.000000000000000000e+03
1.000000000000000000e+03
1.000000000000000000e+03
1.000000000000000000e+03
1.000000000000000000e+03
1.000000000000000000e+03
1.000000000000000000e+03
1.000000000000000000e+03
1.000000000000000000e+03
1.000000000000000000e+03
1.000000000000000000e+03
1.000000000000000000e+03
1.000000000000000000e+03
1.000000000000000000e+03
1.000000000000000000e+03
1.000000000000000000e+03
1.000000000000000000e+03
1.000000000000000000e+03
1.000000000000000000e+03
1.000000000000000000e+03
1.000000000000000000e+03
1.000000000000000000e+03
1.000000000000000000e+03
1.000000000000000000e+03
1.000000000000000000e+03
1.000000000000000000e+03
1.000000000000000000e+03
1.000000000000000000e+03
1.000000000000000000e+03
1.000000000000000000e+03
1.000000000000000000e+03
1.000000000000000000e+03
1.000000000000000000e+03
1.000000000000000000e+03
1.000000000000000000e+03
1.000000000000000000e+03
1.000000000000000000e+03
1.000000000000000000e+03
1.000000000000000000e+03
1.000000000000000000e+03
4.570000000000000000e+02
1.000000000000000000e+03
1.000000000000000000e+03
1.000000000000000000e+03
1.000000000000000000e+03
1.000000000000000000e+03
1.000000000000000000e+03
1.000000000000000000e+03
1.000000000000000000e+03
1.000000000000000000e+03
1.000000000000000000e+03
1.000000000000000000e+03
7.940000000000000000e+02
1.000000000000000000e+03
1.000000000000000000e+03
1.000000000000000000e+03
1.000000000000000000e+03
7.110000000000000000e+02
1.000000000000000000e+03
1.000000000000000000e+03
1.000000000000000000e+03
1.000000000000000000e+03
1.000000000000000000e+03
1.000000000000000000e+03
1.000000000000000000e+03
1.000000000000000000e+03
1.000000000000000000e+03
1.000000000000000000e+03
1.000000000000000000e+03
1.000000000000000000e+03
1.000000000000000000e+03
1.000000000000000000e+03
1.000000000000000000e+03
1.000000000000000000e+03
1.000000000000000000e+03
1.000000000000000000e+03
1.000000000000000000e+03
1.000000000000000000e+03
1.000000000000000000e+03
1.000000000000000000e+03
1.000000000000000000e+03
2.540000000000000000e+02
1.000000000000000000e+03
1.000000000000000000e+03
1.000000000000000000e+03
1.000000000000000000e+03
1.000000000000000000e+03
1.000000000000000000e+03
1.000000000000000000e+03
1.000000000000000000e+03
1.000000000000000000e+03
1.000000000000000000e+03
1.000000000000000000e+03
2.920000000000000000e+02
1.000000000000000000e+03
1.000000000000000000e+03
1.000000000000000000e+03
2.720000000000000000e+02
1.000000000000000000e+03
1.000000000000000000e+03
1.000000000000000000e+03
1.000000000000000000e+03
1.000000000000000000e+03
1.000000000000000000e+03
1.000000000000000000e+03
1.000000000000000000e+03
1.000000000000000000e+03
1.000000000000000000e+03
1.000000000000000000e+03
1.000000000000000000e+03
1.000000000000000000e+03
1.000000000000000000e+03
1.000000000000000000e+03
1.000000000000000000e+03
1.000000000000000000e+03
1.000000000000000000e+03
1.000000000000000000e+03
1.000000000000000000e+03
1.000000000000000000e+03
1.000000000000000000e+03
1.000000000000000000e+03
1.000000000000000000e+03
1.000000000000000000e+03
1.000000000000000000e+03
1.000000000000000000e+03
6.690000000000000000e+02
1.000000000000000000e+03
1.000000000000000000e+03
3.600000000000000000e+02
1.000000000000000000e+03
1.000000000000000000e+03
1.000000000000000000e+03
1.000000000000000000e+03
1.000000000000000000e+03
1.000000000000000000e+03
1.000000000000000000e+03
1.000000000000000000e+03
1.000000000000000000e+03
1.000000000000000000e+03
1.000000000000000000e+03
1.000000000000000000e+03
1.000000000000000000e+03
1.000000000000000000e+03
1.000000000000000000e+03
8.910000000000000000e+02
1.000000000000000000e+03
1.000000000000000000e+03
1.000000000000000000e+03
1.000000000000000000e+03
1.000000000000000000e+03
1.000000000000000000e+03
1.000000000000000000e+03
4.530000000000000000e+02
1.000000000000000000e+03
1.000000000000000000e+03
1.000000000000000000e+03
1.000000000000000000e+03
1.000000000000000000e+03
9.900000000000000000e+02
1.000000000000000000e+03
1.000000000000000000e+03
1.000000000000000000e+03
1.000000000000000000e+03
1.000000000000000000e+03
1.000000000000000000e+03
1.000000000000000000e+03
1.000000000000000000e+03
1.000000000000000000e+03
1.000000000000000000e+03
1.000000000000000000e+03
1.000000000000000000e+03
1.000000000000000000e+03
1.000000000000000000e+03
1.000000000000000000e+03
1.000000000000000000e+03
1.000000000000000000e+03
1.000000000000000000e+03
1.000000000000000000e+03
1.000000000000000000e+03
1.000000000000000000e+03
1.000000000000000000e+03
1.000000000000000000e+03
1.000000000000000000e+03
1.000000000000000000e+03
1.000000000000000000e+03
1.000000000000000000e+03
1.000000000000000000e+03
1.000000000000000000e+03
1.000000000000000000e+03
4.970000000000000000e+02
1.000000000000000000e+03
1.000000000000000000e+03
1.000000000000000000e+03
1.000000000000000000e+03
1.000000000000000000e+03
1.000000000000000000e+03
1.000000000000000000e+03
1.000000000000000000e+03
1.000000000000000000e+03
1.000000000000000000e+03
1.000000000000000000e+03
7.690000000000000000e+02
1.000000000000000000e+03
1.000000000000000000e+03
5.800000000000000000e+02
8.780000000000000000e+02
1.000000000000000000e+03
1.000000000000000000e+03
1.600000000000000000e+02
1.000000000000000000e+03
1.000000000000000000e+03
1.000000000000000000e+03
1.000000000000000000e+03
1.000000000000000000e+03
3.830000000000000000e+02
1.000000000000000000e+03
1.000000000000000000e+03
1.000000000000000000e+03
1.000000000000000000e+03
1.000000000000000000e+03
1.000000000000000000e+03
1.000000000000000000e+03
1.000000000000000000e+03
1.000000000000000000e+03
1.000000000000000000e+03
1.000000000000000000e+03
1.000000000000000000e+03
9.170000000000000000e+02
4.550000000000000000e+02
1.000000000000000000e+03
1.000000000000000000e+03
1.000000000000000000e+03
1.000000000000000000e+03
1.000000000000000000e+03
1.000000000000000000e+03
1.000000000000000000e+03
3.650000000000000000e+02
1.000000000000000000e+03
1.000000000000000000e+03
1.000000000000000000e+03
1.000000000000000000e+03
1.000000000000000000e+03
1.000000000000000000e+03
1.000000000000000000e+03
1.000000000000000000e+03
1.000000000000000000e+03
1.000000000000000000e+03
1.000000000000000000e+03
1.000000000000000000e+03
1.000000000000000000e+03
1.000000000000000000e+03
1.000000000000000000e+03
1.000000000000000000e+03
1.000000000000000000e+03
1.000000000000000000e+03
1.000000000000000000e+03
1.000000000000000000e+03
1.000000000000000000e+03
1.000000000000000000e+03
1.000000000000000000e+03
1.000000000000000000e+03
2.300000000000000000e+02
1.000000000000000000e+03
1.000000000000000000e+03
1.000000000000000000e+03
1.000000000000000000e+03
1.000000000000000000e+03
1.000000000000000000e+03
1.000000000000000000e+03
1.000000000000000000e+03
1.000000000000000000e+03
1.000000000000000000e+03
1.000000000000000000e+03
1.000000000000000000e+03
1.000000000000000000e+03
1.000000000000000000e+03
3.460000000000000000e+02
1.000000000000000000e+03
1.000000000000000000e+03
1.000000000000000000e+03
1.000000000000000000e+03
1.000000000000000000e+03
1.000000000000000000e+03
1.000000000000000000e+03
1.000000000000000000e+03
1.000000000000000000e+03
1.000000000000000000e+03
1.000000000000000000e+03
1.000000000000000000e+03
2.080000000000000000e+02
3.260000000000000000e+02
1.000000000000000000e+03
1.000000000000000000e+03
1.000000000000000000e+03
3.630000000000000000e+02
1.000000000000000000e+03
1.000000000000000000e+03
1.000000000000000000e+03
1.000000000000000000e+03
1.000000000000000000e+03
1.000000000000000000e+03
1.000000000000000000e+03
1.000000000000000000e+03
1.000000000000000000e+03
1.000000000000000000e+03
1.000000000000000000e+03
1.000000000000000000e+03
1.000000000000000000e+03
1.000000000000000000e+03
1.000000000000000000e+03
1.000000000000000000e+03
1.000000000000000000e+03
1.000000000000000000e+03
1.000000000000000000e+03
1.000000000000000000e+03
1.000000000000000000e+03
1.000000000000000000e+03
3.340000000000000000e+02
1.000000000000000000e+03
1.000000000000000000e+03
1.000000000000000000e+03
1.000000000000000000e+03
1.000000000000000000e+03
1.000000000000000000e+03
1.000000000000000000e+03
1.000000000000000000e+03
1.000000000000000000e+03
1.000000000000000000e+03
2.900000000000000000e+02
1.000000000000000000e+03
1.000000000000000000e+03
5.290000000000000000e+02
1.000000000000000000e+03
1.000000000000000000e+03
1.000000000000000000e+03
1.000000000000000000e+03
1.000000000000000000e+03
1.000000000000000000e+03
1.000000000000000000e+03
1.000000000000000000e+03
1.000000000000000000e+03
1.000000000000000000e+03
1.000000000000000000e+03
1.000000000000000000e+03
1.000000000000000000e+03
1.000000000000000000e+03
1.000000000000000000e+03
1.000000000000000000e+03
1.000000000000000000e+03
1.000000000000000000e+03
1.000000000000000000e+03
1.000000000000000000e+03
1.000000000000000000e+03
4.620000000000000000e+02
1.000000000000000000e+03
1.000000000000000000e+03
5.850000000000000000e+02
1.000000000000000000e+03
1.000000000000000000e+03
1.000000000000000000e+03
1.000000000000000000e+03
1.000000000000000000e+03
1.000000000000000000e+03
1.000000000000000000e+03
1.000000000000000000e+03
1.000000000000000000e+03
1.000000000000000000e+03
1.000000000000000000e+03
1.000000000000000000e+03
9.960000000000000000e+02
1.000000000000000000e+03
1.000000000000000000e+03
1.000000000000000000e+03
1.000000000000000000e+03
1.000000000000000000e+03
1.000000000000000000e+03
1.000000000000000000e+03
1.000000000000000000e+03
1.000000000000000000e+03
1.000000000000000000e+03
1.000000000000000000e+03
1.000000000000000000e+03
1.000000000000000000e+03
1.000000000000000000e+03
1.000000000000000000e+03
1.000000000000000000e+03
1.000000000000000000e+03
1.000000000000000000e+03
1.000000000000000000e+03
1.000000000000000000e+03
1.000000000000000000e+03
1.000000000000000000e+03
1.000000000000000000e+03
1.000000000000000000e+03
5.960000000000000000e+02
1.000000000000000000e+03
1.000000000000000000e+03
1.000000000000000000e+03
1.000000000000000000e+03
1.000000000000000000e+03
1.000000000000000000e+03
1.000000000000000000e+03
1.000000000000000000e+03
1.000000000000000000e+03
1.000000000000000000e+03
1.000000000000000000e+03
1.000000000000000000e+03
1.000000000000000000e+03
1.000000000000000000e+03
3.320000000000000000e+02
1.000000000000000000e+03
1.000000000000000000e+03
1.000000000000000000e+03
1.000000000000000000e+03
1.000000000000000000e+03
1.000000000000000000e+03
4.310000000000000000e+02
1.000000000000000000e+03
1.000000000000000000e+03
1.000000000000000000e+03
1.000000000000000000e+03
1.000000000000000000e+03
1.000000000000000000e+03
1.000000000000000000e+03
1.000000000000000000e+03
2.360000000000000000e+02
1.000000000000000000e+03
1.000000000000000000e+03
1.000000000000000000e+03
1.000000000000000000e+03
1.000000000000000000e+03
1.000000000000000000e+03
1.000000000000000000e+03
1.000000000000000000e+03
1.000000000000000000e+03
1.000000000000000000e+03
1.000000000000000000e+03
1.000000000000000000e+03
1.000000000000000000e+03
7.500000000000000000e+02
1.000000000000000000e+03
1.000000000000000000e+03
1.000000000000000000e+03
1.000000000000000000e+03
1.000000000000000000e+03
1.000000000000000000e+03
1.000000000000000000e+03
1.000000000000000000e+03
1.000000000000000000e+03
1.000000000000000000e+03
1.000000000000000000e+03
1.000000000000000000e+03
1.000000000000000000e+03
1.000000000000000000e+03
1.000000000000000000e+03
1.000000000000000000e+03
1.000000000000000000e+03
1.000000000000000000e+03
1.000000000000000000e+03
1.000000000000000000e+03
1.000000000000000000e+03
1.000000000000000000e+03
1.000000000000000000e+03
1.000000000000000000e+03
5.090000000000000000e+02
1.000000000000000000e+03
8.980000000000000000e+02
1.000000000000000000e+03
1.000000000000000000e+03
1.000000000000000000e+03
1.000000000000000000e+03
2.590000000000000000e+02
1.000000000000000000e+03
1.000000000000000000e+03
1.000000000000000000e+03
1.000000000000000000e+03
1.000000000000000000e+03
1.000000000000000000e+03
1.000000000000000000e+03
1.000000000000000000e+03
1.000000000000000000e+03
1.000000000000000000e+03
5.460000000000000000e+02
1.000000000000000000e+03
1.000000000000000000e+03
1.000000000000000000e+03
1.000000000000000000e+03
1.000000000000000000e+03
1.000000000000000000e+03
1.000000000000000000e+03
1.000000000000000000e+03
1.000000000000000000e+03
1.000000000000000000e+03
1.000000000000000000e+03
1.000000000000000000e+03
1.000000000000000000e+03
4.600000000000000000e+02
1.000000000000000000e+03
1.000000000000000000e+03
1.000000000000000000e+03
1.000000000000000000e+03
1.000000000000000000e+03
1.000000000000000000e+03
1.000000000000000000e+03
1.000000000000000000e+03
7.650000000000000000e+02
3.060000000000000000e+02
1.000000000000000000e+03
1.000000000000000000e+03
1.000000000000000000e+03
1.000000000000000000e+03
1.000000000000000000e+03
1.000000000000000000e+03
1.000000000000000000e+03
1.000000000000000000e+03
1.000000000000000000e+03
1.000000000000000000e+03
1.000000000000000000e+03
1.000000000000000000e+03
1.000000000000000000e+03
1.000000000000000000e+03
1.000000000000000000e+03
1.000000000000000000e+03
1.000000000000000000e+03
1.000000000000000000e+03
1.000000000000000000e+03
1.000000000000000000e+03
1.000000000000000000e+03
1.000000000000000000e+03
1.000000000000000000e+03
1.000000000000000000e+03
7.290000000000000000e+02
1.000000000000000000e+03
1.000000000000000000e+03
1.000000000000000000e+03
1.000000000000000000e+03
1.000000000000000000e+03
1.000000000000000000e+03
1.000000000000000000e+03
1.000000000000000000e+03
4.780000000000000000e+02
1.000000000000000000e+03
5.250000000000000000e+02
1.000000000000000000e+03
4.810000000000000000e+02
1.000000000000000000e+03
1.000000000000000000e+03
1.000000000000000000e+03
1.000000000000000000e+03
1.000000000000000000e+03
1.000000000000000000e+03
1.000000000000000000e+03
5.020000000000000000e+02
1.000000000000000000e+03
1.000000000000000000e+03
1.000000000000000000e+03
1.000000000000000000e+03
1.000000000000000000e+03
1.000000000000000000e+03
3.570000000000000000e+02
1.000000000000000000e+03
1.000000000000000000e+03
1.000000000000000000e+03
1.000000000000000000e+03
1.000000000000000000e+03
1.000000000000000000e+03
1.000000000000000000e+03
3.710000000000000000e+02
1.000000000000000000e+03
1.000000000000000000e+03
1.000000000000000000e+03
1.000000000000000000e+03
6.710000000000000000e+02
1.000000000000000000e+03
1.000000000000000000e+03
9.890000000000000000e+02
1.000000000000000000e+03
3.570000000000000000e+02
1.000000000000000000e+03
1.000000000000000000e+03
1.000000000000000000e+03
1.000000000000000000e+03
1.000000000000000000e+03
1.000000000000000000e+03
1.000000000000000000e+03
1.000000000000000000e+03
1.000000000000000000e+03
1.000000000000000000e+03
1.000000000000000000e+03
1.000000000000000000e+03
1.000000000000000000e+03
1.000000000000000000e+03
1.000000000000000000e+03
1.000000000000000000e+03
1.000000000000000000e+03
1.000000000000000000e+03
1.000000000000000000e+03
1.000000000000000000e+03
1.000000000000000000e+03
1.000000000000000000e+03
1.000000000000000000e+03
1.000000000000000000e+03
1.000000000000000000e+03
1.000000000000000000e+03
1.000000000000000000e+03
1.000000000000000000e+03
1.000000000000000000e+03
1.000000000000000000e+03
1.000000000000000000e+03
1.000000000000000000e+03
1.000000000000000000e+03
1.000000000000000000e+03
1.000000000000000000e+03
1.000000000000000000e+03
1.000000000000000000e+03
1.000000000000000000e+03
1.000000000000000000e+03
1.000000000000000000e+03
1.000000000000000000e+03
1.000000000000000000e+03
1.000000000000000000e+03
1.000000000000000000e+03
1.000000000000000000e+03
1.000000000000000000e+03
1.000000000000000000e+03
1.000000000000000000e+03
1.000000000000000000e+03
1.000000000000000000e+03
1.000000000000000000e+03
3.350000000000000000e+02
1.000000000000000000e+03
1.000000000000000000e+03
1.000000000000000000e+03
1.000000000000000000e+03
1.000000000000000000e+03
1.000000000000000000e+03
1.000000000000000000e+03
1.000000000000000000e+03
1.000000000000000000e+03
1.000000000000000000e+03
1.000000000000000000e+03
1.000000000000000000e+03
1.000000000000000000e+03
1.000000000000000000e+03
1.000000000000000000e+03
1.000000000000000000e+03
6.010000000000000000e+02
1.000000000000000000e+03
1.000000000000000000e+03
1.000000000000000000e+03
1.000000000000000000e+03
1.000000000000000000e+03
1.000000000000000000e+03
1.000000000000000000e+03
1.000000000000000000e+03
1.000000000000000000e+03
6.780000000000000000e+02
4.990000000000000000e+02
1.000000000000000000e+03
1.000000000000000000e+03
1.000000000000000000e+03
1.000000000000000000e+03
1.000000000000000000e+03
1.000000000000000000e+03
4.190000000000000000e+02
1.000000000000000000e+03
1.000000000000000000e+03
1.000000000000000000e+03
9.260000000000000000e+02
1.000000000000000000e+03
1.000000000000000000e+03
1.000000000000000000e+03
8.240000000000000000e+02
1.000000000000000000e+03
1.000000000000000000e+03
1.000000000000000000e+03
1.000000000000000000e+03
1.000000000000000000e+03
1.000000000000000000e+03
1.000000000000000000e+03
1.000000000000000000e+03
1.000000000000000000e+03
1.000000000000000000e+03
4.410000000000000000e+02
2.260000000000000000e+02
1.000000000000000000e+03
1.000000000000000000e+03
1.000000000000000000e+03
2.740000000000000000e+02
1.000000000000000000e+03
1.000000000000000000e+03
1.000000000000000000e+03
8.570000000000000000e+02
1.000000000000000000e+03
1.000000000000000000e+03
1.000000000000000000e+03
5.550000000000000000e+02
1.000000000000000000e+03
1.000000000000000000e+03
1.000000000000000000e+03
1.000000000000000000e+03
1.000000000000000000e+03
1.000000000000000000e+03
1.000000000000000000e+03
1.000000000000000000e+03
1.000000000000000000e+03
1.000000000000000000e+03
1.000000000000000000e+03
1.000000000000000000e+03
1.000000000000000000e+03
1.000000000000000000e+03
1.000000000000000000e+03
1.000000000000000000e+03
8.550000000000000000e+02
1.000000000000000000e+03
1.000000000000000000e+03
1.000000000000000000e+03
1.000000000000000000e+03
1.000000000000000000e+03
7.710000000000000000e+02
1.000000000000000000e+03
1.000000000000000000e+03
1.000000000000000000e+03
9.400000000000000000e+02
1.000000000000000000e+03
1.000000000000000000e+03
1.000000000000000000e+03
1.000000000000000000e+03
1.000000000000000000e+03
1.000000000000000000e+03
1.000000000000000000e+03
1.000000000000000000e+03
1.000000000000000000e+03
1.000000000000000000e+03
1.000000000000000000e+03
1.000000000000000000e+03
1.000000000000000000e+03
1.000000000000000000e+03
1.000000000000000000e+03
1.000000000000000000e+03
1.000000000000000000e+03
1.000000000000000000e+03
1.000000000000000000e+03
1.000000000000000000e+03
1.000000000000000000e+03
1.000000000000000000e+03
1.000000000000000000e+03
1.000000000000000000e+03
1.000000000000000000e+03
1.000000000000000000e+03
1.000000000000000000e+03
1.000000000000000000e+03
1.000000000000000000e+03
1.000000000000000000e+03
1.000000000000000000e+03
1.000000000000000000e+03
1.000000000000000000e+03
1.000000000000000000e+03
1.000000000000000000e+03
1.000000000000000000e+03
1.000000000000000000e+03
1.000000000000000000e+03
1.000000000000000000e+03
1.000000000000000000e+03
1.000000000000000000e+03
1.000000000000000000e+03
1.000000000000000000e+03
1.000000000000000000e+03
1.000000000000000000e+03
1.000000000000000000e+03
1.000000000000000000e+03
1.000000000000000000e+03
1.000000000000000000e+03
1.000000000000000000e+03
1.000000000000000000e+03
4.370000000000000000e+02
1.000000000000000000e+03
1.000000000000000000e+03
1.000000000000000000e+03
1.000000000000000000e+03
1.000000000000000000e+03
1.000000000000000000e+03
1.000000000000000000e+03
1.000000000000000000e+03
5.320000000000000000e+02
1.000000000000000000e+03
1.000000000000000000e+03
9.070000000000000000e+02
1.000000000000000000e+03
1.000000000000000000e+03
1.000000000000000000e+03
1.000000000000000000e+03
2.240000000000000000e+02
1.000000000000000000e+03
1.000000000000000000e+03
1.000000000000000000e+03
1.000000000000000000e+03
1.000000000000000000e+03
3.840000000000000000e+02
1.000000000000000000e+03
1.000000000000000000e+03
1.000000000000000000e+03
1.000000000000000000e+03
1.000000000000000000e+03
1.000000000000000000e+03
1.000000000000000000e+03
1.000000000000000000e+03
1.000000000000000000e+03
1.000000000000000000e+03
1.000000000000000000e+03
1.000000000000000000e+03
1.000000000000000000e+03
1.000000000000000000e+03
1.000000000000000000e+03
3.100000000000000000e+02
1.000000000000000000e+03
1.000000000000000000e+03
1.000000000000000000e+03
1.000000000000000000e+03
1.000000000000000000e+03
1.000000000000000000e+03
1.000000000000000000e+03
1.000000000000000000e+03
1.000000000000000000e+03
1.000000000000000000e+03
1.000000000000000000e+03
1.000000000000000000e+03
1.000000000000000000e+03
1.000000000000000000e+03
6.330000000000000000e+02
1.000000000000000000e+03
1.000000000000000000e+03
1.000000000000000000e+03
1.000000000000000000e+03
1.000000000000000000e+03
1.000000000000000000e+03
1.000000000000000000e+03
1.000000000000000000e+03
1.000000000000000000e+03
1.000000000000000000e+03
1.000000000000000000e+03
1.000000000000000000e+03
1.000000000000000000e+03
1.000000000000000000e+03
1.000000000000000000e+03
2.670000000000000000e+02
1.000000000000000000e+03
1.000000000000000000e+03
1.000000000000000000e+03
1.000000000000000000e+03
1.000000000000000000e+03
1.000000000000000000e+03
1.000000000000000000e+03
1.000000000000000000e+03
1.000000000000000000e+03
1.000000000000000000e+03
4.910000000000000000e+02
1.000000000000000000e+03
1.000000000000000000e+03
1.000000000000000000e+03
1.000000000000000000e+03
1.000000000000000000e+03
1.000000000000000000e+03
1.000000000000000000e+03
2.050000000000000000e+02
1.000000000000000000e+03
1.000000000000000000e+03
1.000000000000000000e+03
1.000000000000000000e+03
1.000000000000000000e+03
1.000000000000000000e+03
1.000000000000000000e+03
1.000000000000000000e+03
1.000000000000000000e+03
6.180000000000000000e+02
1.000000000000000000e+03
1.000000000000000000e+03
1.000000000000000000e+03
1.000000000000000000e+03
6.310000000000000000e+02
1.000000000000000000e+03
1.000000000000000000e+03
3.560000000000000000e+02
1.000000000000000000e+03
1.000000000000000000e+03
1.000000000000000000e+03
1.000000000000000000e+03
1.000000000000000000e+03
1.000000000000000000e+03
1.000000000000000000e+03
1.000000000000000000e+03
1.000000000000000000e+03
1.000000000000000000e+03
1.000000000000000000e+03
1.000000000000000000e+03
1.000000000000000000e+03
1.000000000000000000e+03
1.000000000000000000e+03
1.000000000000000000e+03
1.000000000000000000e+03
1.000000000000000000e+03
1.000000000000000000e+03
1.000000000000000000e+03
1.000000000000000000e+03
1.000000000000000000e+03
1.000000000000000000e+03
1.000000000000000000e+03
2.120000000000000000e+02
1.000000000000000000e+03
1.000000000000000000e+03
1.000000000000000000e+03
1.000000000000000000e+03
1.000000000000000000e+03
1.000000000000000000e+03
1.000000000000000000e+03
1.000000000000000000e+03
