-2.976498765110311524e+03
-6.899349006674370685e+03
-5.983203407766926830e+03
-6.683226397592405192e+03
-4.743641004630342650e+03
-6.790834625019944724e+03
-6.155654587020654617e+03
-4.926573144172779394e+03
-2.899418197811553455e+03
-5.711514489561412120e+03
-8.060245258489409025e+03
-7.022499558759373031e+03
-5.125426549667441577e+03
-5.745343406128669812e+03
-6.366394158783906278e+03
-5.053808843639486440e+03
-6.981404088084463183e+03
-4.396928407928257911e+03
-6.215028076969224458e+03
-7.000733083994606204e+03
-6.521968766221197257e+03
-3.561255955503997484e+03
-5.256547822755039306e+03
-5.448380477547440023e+03
-6.228733646879357366e+03
-5.363490535943336909e+03
-6.806744046137526311e+03
-6.387071449820983617e+03
-4.716076796181723694e+03
-7.350444125660006648e+03
-5.650878402803275094e+03
-5.054485910653856990e+03
-7.484811255541954779e+03
-6.321185309310604680e+03
-6.341803656092240999e+03
-4.175893953866295305e+03
-7.974315090837380922e+03
-3.941087557986794309e+03
-6.035849083161538147e+03
-6.843319344205792731e+03
-6.503911469508289883e+03
-4.017271731365266078e+03
-4.489591934010458317e+03
-7.769276045912562040e+03
-5.539355761102218821e+03
-5.271478470343253321e+03
-6.429741847430786038e+03
-6.601736577520615356e+03
-4.764383059637162660e+03
-8.066669222454787814e+03
-5.099571222276585104e+03
-2.907967392967457272e+03
-6.674765220070698888e+03
-4.735085258431073271e+03
-5.955234796154582000e+03
-4.294879484501379011e+03
-6.114080700828488261e+03
-7.555193856872620017e+03
-7.029774391461970481e+03
-4.618048375970021880e+03
-4.683783787659022892e+03
-6.075739851650633682e+03
-6.055928306879885895e+03
-5.302067615076482980e+03
-6.538872923723102758e+03
-6.761993385616620799e+03
-4.581929811339109619e+03
-5.458909085259217136e+03
-6.396579260484651059e+03
-5.333233171849419705e+03
-4.046996074949851391e+03
-4.492358584002511634e+03
-7.451028725475622196e+03
-5.531913100419666080e+03
-6.512161897577502714e+03
-4.814218094640044910e+03
-6.143253293837178717e+03
-3.799674291078201804e+03
-6.748198817549806336e+03
-5.279820167942996704e+03
-6.764939600530013195e+03
-6.350863067501109072e+03
-5.342198555479649258e+03
-4.203882771156810122e+03
-4.043936224121120176e+03
-2.887325403428973004e+03
-6.244647034439678464e+03
-7.564170498248328840e+03
-4.844949118342295151e+03
-6.076745058024960599e+03
-5.224874323253805414e+03
-6.896583254256203873e+03
-6.096241219844959232e+03
-6.298734590604829464e+03
-5.264190825856248921e+03
-4.115374576677594632e+03
-4.589905909453153072e+03
-3.203291790897332703e+03
-6.244080762413710545e+03
-5.708583461116642866e+03
-6.548104788541317248e+03
-6.201187732184807828e+03
-6.591464268242203616e+03
-5.706617121027284156e+03
-5.744300242742743649e+03
-5.841219319885058212e+03
-6.336684328512158572e+03
-5.263556418265623506e+03
-6.091837765284086345e+03
-6.506467745704891058e+03
-3.702291085986191320e+03
-4.977439878794847573e+03
-6.238432544000863345e+03
-6.882158219072130123e+03
-6.902105596495508507e+03
-5.804077859314991656e+03
-5.411029751742282315e+03
-6.692824426960487472e+03
-5.827188032305663000e+03
-6.010608589957550976e+03
-3.668403585687830400e+03
-6.094308172473258310e+03
-6.976401600039587720e+03
-3.321561416353784352e+03
-6.281959970184660961e+03
-6.670549807146397143e+03
-3.284886771972705446e+03
-6.618234430682514358e+03
-6.940554199488203267e+03
-4.042621444954158505e+03
-6.168902716119668185e+03
-5.472728566143782700e+03
-5.063491700769356612e+03
-5.262053974417908648e+03
-6.778343956930615605e+03
-5.505971985704395593e+03
-7.204801348763876376e+03
-5.566515748860493659e+03
-5.341796812913760732e+03
-6.876389148437880976e+03
-5.477511420373622059e+03
-4.349194363787414659e+03
-6.984230630503580869e+03
-5.131625584949781114e+03
-6.925027609618398856e+03
-5.286040022040546319e+03
-6.922086352070697103e+03
-5.882425113638669245e+03
-6.924393336569088206e+03
-4.920416089109910899e+03
-5.216228487224289893e+03
-4.613627562805453636e+03
-6.632773328907620453e+03
-5.806906830936768529e+03
-6.319229648187219937e+03
-5.323260693279833504e+03
-6.566729956119341296e+03
-4.734403248065827938e+03
-5.690899439526471724e+03
-6.686051597027051685e+03
-3.190796981070705897e+03
-6.382140378013624286e+03
-7.473267423212791073e+03
-6.047567720467076470e+03
-5.884090392195798813e+03
-7.488893440598523739e+03
-4.534944918660149597e+03
-7.260305520037288261e+03
-6.187729803682495913e+03
-5.327234800538682066e+03
-5.702605347145371525e+03
-5.794883563232445340e+03
-5.796493469811888644e+03
-6.522193499728025017e+03
-5.419724396605228321e+03
-8.325131688308743833e+03
-6.391054788088104942e+03
-7.502297469153408201e+03
-5.838589388055620475e+03
-5.539527629934865217e+03
-2.882085757181231202e+03
-3.474715097549133588e+03
-6.193011242485042203e+03
-6.507723980526177911e+03
-4.385769343476174072e+03
-4.384398757024433507e+03
-7.419247804320119940e+03
-7.087003299283102933e+03
-5.880447609183936038e+03
-6.302415416422335511e+03
-6.484110642166555408e+03
-5.255247878233698430e+03
-5.500760560224084657e+03
-6.427624314691989639e+03
-7.120125604824686889e+03
-5.430322071580097145e+03
-7.282045564922088488e+03
-7.660856691963072080e+03
-6.849319154050166617e+03
-5.942752529709882765e+03
-7.499251256837700566e+03
-7.189744511363970560e+03
-4.206107914171029734e+03
-6.467924881441475918e+03
-5.560019535844031452e+03
-5.158651006479083662e+03
-5.342846652806627390e+03
-6.422292781179759913e+03
-5.166247011753634069e+03
-4.990253816899815320e+03
-6.068637259621761586e+03
-6.350431499943370909e+03
-5.414990451057389691e+03
-6.550181970353180077e+03
-6.537455381044199385e+03
-6.459622432468679108e+03
-6.355320217751215750e+03
-5.744938228843631805e+03
-5.620559294424764630e+03
-5.631494120277879119e+03
-5.724372131219368384e+03
-6.472718744465988493e+03
-3.796968140550438420e+03
-5.653045462645677617e+03
-5.781671285424881717e+03
-8.025981675937566251e+03
-6.833431609239695717e+03
-6.253413241318879955e+03
-4.316833587715344947e+03
-6.142152077117844783e+03
-7.340214437210578581e+03
-7.016982447663969651e+03
-2.247942401399026494e+03
-2.499041747263905563e+03
-5.960391714228668206e+03
-5.468078029787654486e+03
-4.269096817761942475e+03
-6.843393498484473639e+03
-6.596432471810635434e+03
-6.316363862745849474e+03
-7.056819170063584352e+03
-5.591369297925357387e+03
-6.705938769759377465e+03
-6.046621931005390252e+03
-5.883714491127340807e+03
-2.985919862098440262e+03
-5.596062475037689182e+03
-2.442028935505270510e+03
-4.268063784520639274e+03
-7.421594703426389970e+03
-5.196996973298601006e+03
-5.619689598180027133e+03
-7.381825622768896210e+03
-7.259507540959582911e+03
-6.513799799526778770e+03
-4.427773505062160439e+03
-4.370940064969280684e+03
-7.231761626371396233e+03
-5.045718746988557541e+03
-4.175971711625918942e+03
-4.531801364770371947e+03
-5.767242623420152995e+03
-6.044421310691873259e+03
-5.945915344701916183e+03
-6.601987712761556395e+03
-6.850008085777390988e+03
-7.549622892153288376e+03
-6.659272979541042332e+03
-6.017264156032400933e+03
-6.672415201165667895e+03
-4.219157569627173871e+03
-3.789643210717120382e+03
-6.248466590198915583e+03
-5.863320823864980412e+03
-3.918968630974274674e+03
-6.112423864285399759e+03
-5.877336494488743483e+03
-5.632323729369801185e+03
-6.793227779981123604e+03
-5.676701170906205334e+03
-4.645427190055687788e+03
-5.765156685697134890e+03
-7.848855895134015555e+03
-3.333954618464884788e+03
-6.802036175497694785e+03
-6.613380360649060094e+03
-4.874215285160815256e+03
-6.008317139911502636e+03
-3.704350872319452264e+03
-6.425879946630408995e+03
-6.182879322573338868e+03
-5.386106893882079021e+03
-5.886705215541892358e+03
-6.474833359223428488e+03
-5.550523777308020726e+03
-6.070835647675055043e+03
-4.612069015815246530e+03
-6.216783753556031115e+03
-5.994267051722506039e+03
-5.717227673825771490e+03
-5.328155486062129057e+03
-4.190713648282639042e+03
-3.669176408265785994e+03
-6.494061237752179295e+03
-7.411435227884516280e+03
-5.523780038567514566e+03
-6.068619364316134124e+03
-6.124325217156323561e+03
-5.075839704647934013e+03
-5.366863494100044591e+03
-5.465117076402918428e+03
-7.465369820407191582e+03
-6.500736480759121150e+03
-4.364673442987632370e+03
-3.249232221935007146e+03
-5.727314626567022060e+03
-7.651312456268247843e+03
-6.263325351078342464e+03
-7.586318481204740237e+03
-7.064178460044248823e+03
-5.680537256492788401e+03
-3.842982623017544483e+03
-4.834561355289933090e+03
-5.847024162596998394e+03
-2.516679329794621026e+03
-5.976318290015397906e+03
-3.691330536590784959e+03
-6.944918469913675835e+03
-5.259747586722698543e+03
-5.044515010304852694e+03
-6.558559251586045320e+03
-6.012466455751051399e+03
-7.548420748852010547e+03
-5.394422027676920152e+03
-4.824399911126812185e+03
-5.894828689311262679e+03
-3.932296365532927666e+03
-7.673805819309453000e+03
-6.368702227092546309e+03
-6.290655250588312811e+03
-6.745521001309965868e+03
-5.649352867334306211e+03
-7.211206853785023668e+03
-8.699032126484056789e+03
-4.616406924837458064e+03
-5.358457194077554959e+03
-7.675506319460085251e+03
-6.345353667007217155e+03
-6.897456520524075131e+03
-4.733682862878113156e+03
-7.429704190483554157e+03
-6.811733064279876999e+03
-7.688025908725436238e+03
-5.414654106429032254e+03
-6.120036426495429623e+03
-4.587556081037722834e+03
-7.281937210071786467e+03
-5.621827101186549044e+03
-7.061219196451427706e+03
-6.598273091167760867e+03
-4.698376041337749484e+03
-4.922154009596860305e+03
-5.710118932902446431e+03
-5.882618519199592811e+03
-6.434744836132238561e+03
-6.676985468082517400e+03
-3.466835882684023090e+03
-5.919035607499643447e+03
-6.820761974273622400e+03
-5.266603231843966569e+03
-2.334228056524909334e+03
-6.772501720248527818e+03
-5.370721742518486280e+03
-5.786673926581432170e+03
-5.871287955474886985e+03
-4.295973570725389436e+03
-5.743075867848199778e+03
-3.143589713255967581e+03
-5.982627625529476063e+03
-6.779300188075399092e+03
-6.716916919285116819e+03
-6.364597880757748499e+03
-4.732160071193691692e+03
-6.695593963866592276e+03
-5.874408273139479206e+03
-5.366475261010395116e+03
-6.170842492559970196e+03
-5.429771355627833145e+03
-6.942431164452522353e+03
-7.934501810080291762e+03
-6.014272447634655691e+03
-5.355049297462676805e+03
-5.153402144678529112e+03
-4.505561828024815441e+03
-6.619338316831935117e+03
-6.878988403080859825e+03
-6.809546957149429545e+03
-4.802690919875676627e+03
-6.577311323224414991e+03
-6.032050593207844940e+03
-5.358800342995804385e+03
-5.910306874666990552e+03
-5.695255537302947232e+03
-7.494829726687132279e+03
-6.153173800780284182e+03
-4.786004817220156838e+03
-5.671845357622907613e+03
-5.682749092375518558e+03
-5.050493260061647561e+03
-5.525400040512425221e+03
-5.767190783116996499e+03
-6.824246557191344436e+03
-6.635637555833408442e+03
-4.478141657666698848e+03
-6.849400874416430270e+03
-8.903830621550072465e+03
-6.058986954109124781e+03
-6.902819255801867257e+03
-5.678888886307361645e+03
-4.437264347653873301e+03
-5.316315088609169834e+03
-4.945111459075006678e+03
-5.727364253089506747e+03
-5.458145817318470108e+03
-6.555430824880304499e+03
-5.283622553329567381e+03
-6.620869868583155039e+03
-5.159977457131634765e+03
-5.554661292657486229e+03
-6.176209707731065464e+03
-5.870806016791874754e+03
-7.014797962316411940e+03
-3.630442003934683271e+03
-5.292965659049504211e+03
-3.436775202865815118e+03
-5.638922361108289806e+03
-7.465078331007814995e+03
-6.058121662656370063e+03
-6.338732385775207149e+03
-6.382953726587577876e+03
-5.510410366847972000e+03
-5.279424306046970742e+03
-2.838098290241890936e+03
-4.999194368473054965e+03
-6.957000000000000000e+03
-6.539379168235821453e+03
-6.012979017986389408e+03
-6.259249003411869126e+03
-6.333037005826131463e+03
-5.476769213309525185e+03
-5.148364694556343238e+03
-6.498345520120194124e+03
-2.794262234483518114e+03
-5.607236718464054320e+03
-5.742769814111307824e+03
-5.240864707120759704e+03
-6.137483508561236704e+03
-6.333961941022608698e+03
-6.460118656818394811e+03
-4.965508638441579933e+03
-2.909898394114956773e+03
-6.153049510552323227e+03
-3.902195788311175420e+03
-6.896721531321913062e+03
-5.846360982953901839e+03
-6.412154433684182550e+03
-6.452912062967258862e+03
-4.471949267415753638e+03
-5.948120094076371061e+03
-6.116668661278036780e+03
-7.338106998971671601e+03
-6.141932873943635059e+03
-4.484010714821244619e+03
-4.852679767284126683e+03
-7.625115478240601988e+03
-5.085595183368755897e+03
-4.452483174502409383e+03
-6.245888527627096664e+03
-5.510876163270273537e+03
-6.829024496454770087e+03
-5.364608596650349682e+03
-6.874943007897375537e+03
-6.048295092191893673e+03
-6.699486835676827468e+03
-5.705109664569882625e+03
-6.436660080259559436e+03
-5.759327485519409493e+03
-4.877812593688702691e+03
-7.101431128519886443e+03
-6.266916181980263900e+03
-7.748861712739417271e+03
-6.141863810212589669e+03
-4.515253534404815582e+03
-2.238663810630577700e+03
-5.640967004834465115e+03
-6.026235800730558367e+03
-6.823469626611476997e+03
-5.544891343918166967e+03
-6.744172800528836888e+03
-4.414576153866830282e+03
