-2.976498765110311524e+03
-6.899349006674370685e+03
-5.983203407766926830e+03
-6.683226397592405192e+03
-4.743641004630342650e+03
-6.790834625019944724e+03
-6.155654587020654617e+03
-4.926573144172779394e+03
-2.899418197811553455e+03
-5.711514489561412120e+03
-8.060245258489409025e+03
-7.022499558759373031e+03
-5.125426549667441577e+03
-5.745343406128669812e+03
-6.366394158783906278e+03
-5.053808843639486440e+03
-6.981404088084463183e+03
-4.396928407928257911e+03
-6.215028076969224458e+03
-7.000733083994606204e+03
-6.521968766221197257e+03
-3.561255955503997484e+03
-5.256547822755039306e+03
-5.448380477547440023e+03
-6.228733646879357366e+03
-5.363490535943336909e+03
-6.806744046137526311e+03
-6.387071449820983617e+03
-4.716076796181723694e+03
-7.350444125660006648e+03
-5.650878402803275094e+03
-5.054485910653856990e+03
-7.484811255541954779e+03
-6.321185309310604680e+03
-6.341803656092240999e+03
-4.175893953866295305e+03
-7.974315090837380922e+03
-3.941087557986794309e+03
-6.035849083161538147e+03
-6.843319344205792731e+03
-6.503911469508289883e+03
-4.017271731365266078e+03
-4.489591934010458317e+03
-7.769276045912562040e+03
-5.539355761102218821e+03
-5.271478470343253321e+03
-6.429741847430786038e+03
-6.601736577520615356e+03
-4.764383059637162660e+03
-8.066669222454787814e+03
-5.099571222276585104e+03
-2.907967392967457272e+03
-6.674765220070698888e+03
-4.735085258431073271e+03
-5.955234796154582000e+03
-4.294879484501379011e+03
-6.114080700828488261e+03
-7.555193856872620017e+03
-7.029774391461970481e+03
-4.618048375970021880e+03
-4.683783787659022892e+03
-6.075739851650633682e+03
-6.055928306879885895e+03
-5.302067615076482980e+03
-6.538872923723102758e+03
-6.761993385616620799e+03
-4.581929811339109619e+03
-5.458909085259217136e+03
-6.396579260484651059e+03
-5.333233171849419705e+03
-4.046996074949851391e+03
-4.492358584002511634e+03
-7.451028725475622196e+03
-5.531913100419666080e+03
-6.512161897577502714e+03
-4.814218094640044910e+03
-6.143253293837178717e+03
-3.799674291078201804e+03
-6.748198817549806336e+03
-5.279820167942996704e+03
-6.764939600530013195e+03
-6.350863067501109072e+03
-5.342198555479649258e+03
-4.203882771156810122e+03
-4.043936224121120176e+03
-2.887325403428973004e+03
-6.244647034439678464e+03
-7.564170498248328840e+03
-4.844949118342295151e+03
-6.076745058024960599e+03
-5.224874323253805414e+03
-6.896583254256203873e+03
-6.096241219844959232e+03
-6.298734590604829464e+03
-5.264190825856248921e+03
-4.115374576677594632e+03
-4.589905909453153072e+03
-3.203291790897332703e+03
-6.244080762413710545e+03
-5.708583461116642866e+03
-6.548104788541317248e+03
-6.201187732184807828e+03
-6.591464268242203616e+03
-5.706617121027284156e+03
-5.744300242742743649e+03
-5.841219319885058212e+03
-6.336684328512158572e+03
-5.263556418265623506e+03
-6.091837765284086345e+03
-6.506467745704891058e+03
-3.702291085986191320e+03
-4.977439878794847573e+03
-6.238432544000863345e+03
-6.882158219072130123e+03
-6.902105596495508507e+03
-5.804077859314991656e+03
-5.411029751742282315e+03
-6.692824426960487472e+03
-5.827188032305663000e+03
-6.010608589957550976e+03
-3.668403585687830400e+03
-6.094308172473258310e+03
-6.976401600039587720e+03
-3.321561416353784352e+03
-6.281959970184660961e+03
-6.670549807146397143e+03
-3.284886771972705446e+03
-6.618234430682514358e+03
-6.940554199488203267e+03
-4.042621444954158505e+03
-6.168902716119668185e+03
-5.472728566143782700e+03
-5.063491700769356612e+03
-5.262053974417908648e+03
-6.778343956930615605e+03
-5.505971985704395593e+03
-7.204801348763876376e+03
-5.566515748860493659e+03
-5.341796812913760732e+03
-6.876389148437880976e+03
-5.477511420373622059e+03
-4.349194363787414659e+03
-6.984230630503580869e+03
-5.131625584949781114e+03
-6.925027609618398856e+03
-5.286040022040546319e+03
-6.922086352070697103e+03
-5.882425113638669245e+03
-6.924393336569088206e+03
-4.920416089109910899e+03
-5.216228487224289893e+03
-4.613627562805453636e+03
-6.632773328907620453e+03
-5.806906830936768529e+03
-6.319229648187219937e+03
-5.323260693279833504e+03
-6.566729956119341296e+03
-4.734403248065827938e+03
-5.690899439526471724e+03
-6.686051597027051685e+03
-3.190796981070705897e+03
-6.382140378013624286e+03
-7.473267423212791073e+03
-6.047567720467076470e+03
-5.884090392195798813e+03
-7.488893440598523739e+03
-4.534944918660149597e+03
-7.260305520037288261e+03
-6.187729803682495913e+03
-5.327234800538682066e+03
-5.702605347145371525e+03
-5.794883563232445340e+03
-5.796493469811888644e+03
-6.522193499728025017e+03
-5.419724396605228321e+03
-8.325131688308743833e+03
-6.391054788088104942e+03
-7.502297469153408201e+03
-5.838589388055620475e+03
-5.539527629934865217e+03
-2.882085757181231202e+03
-3.474715097549133588e+03
-6.193011242485042203e+03
-6.507723980526177911e+03
-4.385769343476174072e+03
-4.384398757024433507e+03
-7.419247804320119940e+03
-7.087003299283102933e+03
-5.880447609183936038e+03
-6.302415416422335511e+03
-6.484110642166555408e+03
-5.255247878233698430e+03
-5.500760560224084657e+03
-6.427624314691989639e+03
-7.120125604824686889e+03
-5.430322071580097145e+03
-7.282045564922088488e+03
-7.660856691963072080e+03
-6.849319154050166617e+03
-5.942752529709882765e+03
-7.499251256837700566e+03
-7.189744511363970560e+03
-4.206107914171029734e+03
-6.467924881441475918e+03
-5.560019535844031452e+03
-5.158651006479083662e+03
-5.342846652806627390e+03
-6.422292781179759913e+03
-5.166247011753634069e+03
-4.990253816899815320e+03
-6.068637259621761586e+03
-6.350431499943370909e+03
-5.414990451057389691e+03
-6.550181970353180077e+03
-6.537455381044199385e+03
-6.459622432468679108e+03
-6.355320217751215750e+03
-5.744938228843631805e+03
-5.620559294424764630e+03
-5.631494120277879119e+03
-5.724372131219368384e+03
-6.472718744465988493e+03
-3.796968140550438420e+03
-5.653045462645677617e+03
-5.781671285424881717e+03
-8.025981675937566251e+03
-6.833431609239695717e+03
-6.253413241318879955e+03
-4.316833587715344947e+03
-6.142152077117844783e+03
-7.340214437210578581e+03
-7.016982447663969651e+03
-2.247942401399026494e+03
-2.499041747263905563e+03
-5.960391714228668206e+03
-5.468078029787654486e+03
-4.269096817761942475e+03
-6.843393498484473639e+03
-6.596432471810635434e+03
-6.316363862745849474e+03
-7.056819170063584352e+03
-5.591369297925357387e+03
-6.705938769759377465e+03
-6.046621931005390252e+03
-5.883714491127340807e+03
-2.985919862098440262e+03
-5.596062475037689182e+03
-2.442028935505270510e+03
-4.268063784520639274e+03
-7.421594703426389970e+03
-5.196996973298601006e+03
-5.619689598180027133e+03
-7.381825622768896210e+03
-7.259507540959582911e+03
-6.513799799526778770e+03
-4.427773505062160439e+03
-4.370940064969280684e+03
-7.231761626371396233e+03
-5.045718746988557541e+03
-4.175971711625918942e+03
-4.531801364770371947e+03
-5.767242623420152995e+03
-6.044421310691873259e+03
-5.945915344701916183e+03
-6.601987712761556395e+03
-6.850008085777390988e+03
-7.549622892153288376e+03
-6.659272979541042332e+03
-6.017264156032400933e+03
-6.672415201165667895e+03
-4.219157569627173871e+03
-3.789643210717120382e+03
-6.248466590198915583e+03
-5.863320823864980412e+03
-3.918968630974274674e+03
-6.112423864285399759e+03
-5.877336494488743483e+03
-5.632323729369801185e+03
-6.793227779981123604e+03
-5.676701170906205334e+03
-4.645427190055687788e+03
-5.765156685697134890e+03
-7.848855895134015555e+03
-3.333954618464884788e+03
-6.802036175497694785e+03
-6.613380360649060094e+03
-4.874215285160815256e+03
-6.008317139911502636e+03
-3.704350872319452264e+03
-6.425879946630408995e+03
-6.182879322573338868e+03
-5.386106893882079021e+03
-5.886705215541892358e+03
-6.474833359223428488e+03
-5.550523777308020726e+03
-6.070835647675055043e+03
-4.612069015815246530e+03
-6.216783753556031115e+03
-5.994267051722506039e+03
-5.717227673825771490e+03
-5.328155486062129057e+03
-4.190713648282639042e+03
-3.669176408265785994e+03
-6.494061237752179295e+03
-7.411435227884516280e+03
-5.523780038567514566e+03
-6.068619364316134124e+03
-6.124325217156323561e+03
-5.075839704647934013e+03
-5.366863494100044591e+03
-5.465117076402918428e+03
-7.465369820407191582e+03
-6.500736480759121150e+03
-4.364673442987632370e+03
-3.249232221935007146e+03
-5.727314626567022060e+03
-7.651312456268247843e+03
-6.263325351078342464e+03
-7.586318481204740237e+03
-7.064178460044248823e+03
-5.680537256492788401e+03
-3.842982623017544483e+03
-4.834561355289933090e+03
-5.847024162596998394e+03
-2.516679329794621026e+03
-5.976318290015397906e+03
-3.691330536590784959e+03
-6.944918469913675835e+03
-5.259747586722698543e+03
-5.044515010304852694e+03
-6.558559251586045320e+03
-6.012466455751051399e+03
-7.548420748852010547e+03
-5.394422027676920152e+03
-4.824399911126812185e+03
-5.894828689311262679e+03
-3.932296365532927666e+03
-7.673805819309453000e+03
-6.368702227092546309e+03
-6.290655250588312811e+03
-6.745521001309965868e+03
-5.649352867334306211e+03
-7.211206853785023668e+03
-8.699032126484056789e+03
-4.616406924837458064e+03
-5.358457194077554959e+03
-7.675506319460085251e+03
-6.345353667007217155e+03
-6.897456520524075131e+03
-4.733682862878113156e+03
-7.429704190483554157e+03
-6.811733064279876999e+03
-7.688025908725436238e+03
-5.414654106429032254e+03
-6.120036426495429623e+03
-4.587556081037722834e+03
-7.281937210071786467e+03
-5.621827101186549044e+03
-7.061219196451427706e+03
-6.598273091167760867e+03
-4.698376041337749484e+03
-4.922154009596860305e+03
-5.710118932902446431e+03
-5.882618519199592811e+03
-6.434744836132238561e+03
-6.676985468082517400e+03
-3.466835882684023090e+03
-5.919035607499643447e+03
-6.820761974273622400e+03
-5.266603231843966569e+03
-2.334228056524909334e+03
-6.772501720248527818e+03
-5.370721742518486280e+03
-5.786673926581432170e+03
-5.871287955474886985e+03
-4.295973570725389436e+03
-5.743075867848199778e+03
-3.143589713255967581e+03
-5.982627625529476063e+03
-6.779300188075399092e+03
-6.716916919285116819e+03
-6.364597880757748499e+03
-4.732160071193691692e+03
-6.695593963866592276e+03
-5.874408273139479206e+03
-5.366475261010395116e+03
-6.170842492559970196e+03
-5.429771355627833145e+03
-6.942431164452522353e+03
-7.934501810080291762e+03
-6.014272447634655691e+03
-5.355049297462676805e+03
-5.153402144678529112e+03
-4.505561828024815441e+03
-6.619338316831935117e+03
-6.878988403080859825e+03
-6.809546957149429545e+03
-4.802690919875676627e+03
-6.577311323224414991e+03
-6.032050593207844940e+03
-5.358800342995804385e+03
-5.910306874666990552e+03
-5.695255537302947232e+03
-7.494829726687132279e+03
-6.153173800780284182e+03
-4.786004817220156838e+03
-5.671845357622907613e+03
-5.682749092375518558e+03
-5.050493260061647561e+03
-5.525400040512425221e+03
-5.767190783116996499e+03
-6.824246557191344436e+03
-6.635637555833408442e+03
-4.478141657666698848e+03
-6.849400874416430270e+03
-8.903830621550072465e+03
-6.058986954109124781e+03
-6.902819255801867257e+03
-5.678888886307361645e+03
-4.437264347653873301e+03
-5.316315088609169834e+03
-4.945111459075006678e+03
-5.727364253089506747e+03
-5.458145817318470108e+03
-6.555430824880304499e+03
-5.283622553329567381e+03
-6.620869868583155039e+03
-5.159977457131634765e+03
-5.554661292657486229e+03
-6.176209707731065464e+03
-5.870806016791874754e+03
-7.014797962316411940e+03
-3.630442003934683271e+03
-5.292965659049504211e+03
-3.436775202865815118e+03
-5.638922361108289806e+03
-7.465078331007814995e+03
-6.058121662656370063e+03
-6.338732385775207149e+03
-6.382953726587577876e+03
-5.510410366847972000e+03
-5.279424306046970742e+03
-2.838098290241890936e+03
-4.999194368473054965e+03
-6.957000000000000000e+03
-6.539379168235821453e+03
-6.012979017986389408e+03
-6.259249003411869126e+03
-6.333037005826131463e+03
-5.476769213309525185e+03
-5.148364694556343238e+03
-6.498345520120194124e+03
-2.794262234483518114e+03
-5.607236718464054320e+03
-5.742769814111307824e+03
-5.240864707120759704e+03
-6.137483508561236704e+03
-6.333961941022608698e+03
-6.460118656818394811e+03
-4.965508638441579933e+03
-2.909898394114956773e+03
-6.153049510552323227e+03
-3.902195788311175420e+03
-6.896721531321913062e+03
-5.846360982953901839e+03
-6.412154433684182550e+03
-6.452912062967258862e+03
-4.471949267415753638e+03
-5.948120094076371061e+03
-6.116668661278036780e+03
-7.338106998971671601e+03
-6.141932873943635059e+03
-4.484010714821244619e+03
-4.852679767284126683e+03
-7.625115478240601988e+03
-5.085595183368755897e+03
-4.452483174502409383e+03
-6.245888527627096664e+03
-5.510876163270273537e+03
-6.829024496454770087e+03
-5.364608596650349682e+03
-6.874943007897375537e+03
-6.048295092191893673e+03
-6.699486835676827468e+03
-5.705109664569882625e+03
-6.436660080259559436e+03
-5.759327485519409493e+03
-4.877812593688702691e+03
-7.101431128519886443e+03
-6.266916181980263900e+03
-7.748861712739417271e+03
-6.141863810212589669e+03
-4.515253534404815582e+03
-2.238663810630577700e+03
-5.640967004834465115e+03
-6.026235800730558367e+03
-6.823469626611476997e+03
-5.544891343918166967e+03
-6.744172800528836888e+03
-4.414576153866830282e+03
-6.291698456682720462e+03
-6.677987891884070450e+03
-5.080952702183676593e+03
-6.851896199268605415e+03
-6.617937894483339733e+03
-6.108355216202894553e+03
-5.527364886056667274e+03
-4.355424948082086303e+03
-6.484362629664442466e+03
-2.966822055802569139e+03
-5.457999347260415561e+03
-4.631709288082965031e+03
-5.469338810374842069e+03
-6.666170664739718632e+03
-6.549384872976790575e+03
-4.770483580074491329e+03
-5.745248165249370686e+03
-7.921040381631420132e+03
-5.142813932746241335e+03
-6.230675843050408730e+03
-4.696341465554226488e+03
-6.813590286396584816e+03
-3.708382461749420600e+03
-6.414887283662881600e+03
-5.481381688887321616e+03
-7.110559492478936590e+03
-4.196978840265896906e+03
-6.206598420082709708e+03
-4.692200435118345922e+03
-5.560886037507418223e+03
-6.988207619167197663e+03
-5.114131209978522747e+03
-5.322916498950617097e+03
-5.457959605622048912e+03
-6.765657752131783127e+03
-5.747183517055300399e+03
-5.817185417635910198e+03
-5.975415152431854040e+03
-5.455277365587442546e+03
-6.019395564521467350e+03
-6.471187365761797082e+03
-5.811194115628893996e+03
-4.403154008873972998e+03
-6.787073854902952917e+03
-5.862977398354809338e+03
-5.824152785312399828e+03
-3.664806902293627900e+03
-5.587197665061696171e+03
-6.945004047805933624e+03
-4.584027135125427776e+03
-5.728536529617582346e+03
-2.382353197443663248e+03
-6.220861831177884596e+03
-5.191126664197752689e+03
-5.355844971064470883e+03
-5.560506112846926044e+03
-6.449197580622753776e+03
-6.077311000203204458e+03
-5.284678323940393966e+03
-4.262657930263780145e+03
-6.445266889553006877e+03
-5.301961549809019743e+03
-5.878419894235042193e+03
-4.462763553667859014e+03
-7.091507830299280613e+03
-6.792538099258160400e+03
-6.335208317622530558e+03
-5.780275930670735761e+03
-5.778859408322645322e+03
-6.344217585497775872e+03
-4.273246487944277760e+03
-5.878676277436362398e+03
-5.022560641384631708e+03
-5.081703412699888759e+03
-6.144426371367326283e+03
-3.577306485730774057e+03
-6.543119197934630392e+03
-4.677324846504900052e+03
-5.672934104150785060e+03
-7.282471189262369990e+03
-3.592394266755319222e+03
-6.892147005735210769e+03
-6.505872638062215628e+03
-6.660646613820997118e+03
-3.939933462135962600e+03
-6.209877430979615383e+03
-5.895427705131365656e+03
-6.815143675242226891e+03
-5.887130659436612405e+03
-5.363280901074706890e+03
-6.931097140472076717e+03
-7.463399340075160580e+03
-6.555285381895184400e+03
-2.827215840213965294e+03
-5.306219141837703319e+03
-6.668174648679738311e+03
-5.501108404554369372e+03
-5.724075898015667008e+03
-5.826074502311766082e+03
-6.233993162827750893e+03
-6.409599489091160649e+03
-5.721788015352410184e+03
-5.923031647942917516e+03
-5.736310606127181927e+03
-5.746366967425522489e+03
-4.073770162376048120e+03
-5.627802425509335080e+03
-6.366318101580600342e+03
-4.500133286030220006e+03
-5.632298558952851636e+03
-6.332119669338545464e+03
-5.660849906110057418e+03
-5.093966481613446376e+03
-3.946737319140461750e+03
-6.748298681331240005e+03
-5.592329957230024775e+03
-5.183037220525860903e+03
-4.707146776330946523e+03
-4.745189036274751743e+03
-6.694232130496992795e+03
-6.143531620396302060e+03
-6.632000675898599184e+03
-5.773009157220859379e+03
-3.774498061292238162e+03
-5.738246149484237321e+03
-4.562222673727499568e+03
-6.767554551599762817e+03
-5.682051660373387676e+03
-6.716154899767674578e+03
-6.322393582405978123e+03
-5.310684623608187394e+03
-5.314430847699057267e+03
-6.444278428235586034e+03
-5.028456875930617571e+03
-6.147454330446806125e+03
-6.369299393326642530e+03
-5.346099249947301359e+03
-5.884057303882610540e+03
-5.466917860476194619e+03
-6.055890439782696376e+03
-5.885396638069913024e+03
-6.908996221777241772e+03
-6.686149749435552621e+03
-3.751522266080751251e+03
-7.038500002670605681e+03
-4.501835777478526325e+03
-7.014797313168053734e+03
-6.191093367115869114e+03
-7.514794952791187825e+03
-6.166436977938894415e+03
-5.068554325270831214e+03
-5.455170649684291675e+03
-5.418179525530955289e+03
-6.305763290785241225e+03
-7.605749302475219338e+03
-5.486987244956051654e+03
-5.083030509608625835e+03
-5.946205284151243177e+03
-6.421057201018164051e+03
-5.711892648951653428e+03
-5.662080706698076028e+03
-4.672749895295467468e+03
-6.636880414274693067e+03
-6.466163077309848632e+03
-6.400108558532958341e+03
-4.052903059054771802e+03
-5.229052996960618657e+03
-6.835195049058909717e+03
-5.967917216023799483e+03
-3.743309103496525040e+03
-7.284241413112707960e+03
-4.985525387194708856e+03
-6.501943082925677118e+03
-7.171951358737996998e+03
-6.017396143498101083e+03
-6.938853007697393878e+03
-1.997947212703094920e+03
-4.231064208596047138e+03
-6.398123311280695816e+03
-3.573822300126309074e+03
-5.678316967415929867e+03
-5.448851124983129012e+03
-4.937313839075731266e+03
-6.960173073435439619e+03
-7.689906367728113764e+03
-5.199286918236201927e+03
-6.955852239582836773e+03
-4.894907183372797590e+03
-6.483836059014883176e+03
-3.806020630898871332e+03
-6.256511795633135080e+03
-4.882566832954733400e+03
-4.546345625254908555e+03
-4.510746210452341984e+03
-7.286159104532709534e+03
-6.403570004448277359e+03
-7.461551386806094342e+03
-5.924718115957000009e+03
-5.355682277902118585e+03
-5.279493481071463975e+03
-4.755687184728364628e+03
-6.016376370711135678e+03
-4.742070230501685728e+03
-5.720974702273388175e+03
-6.178533794606511037e+03
-5.829744069233367554e+03
-5.452157355442433072e+03
-3.984180852760862308e+03
-6.219638416811038041e+03
-6.143685349824576406e+03
-4.490743662804598898e+03
-4.363363427485103784e+03
-5.347779079303093567e+03
-4.926700051555912978e+03
-5.403073291565518957e+03
-5.754296257872761998e+03
-6.875885475364287231e+03
-4.745772598866786211e+03
-5.442823590108123426e+03
-5.571894768589253545e+03
-5.892524513310692782e+03
-5.361166648850607089e+03
-5.047600381076210397e+03
-5.920054567582316849e+03
-6.370333184299097411e+03
-6.015348542315398845e+03
-5.389742745307171390e+03
-6.921997556216162593e+03
-5.102749472311019417e+03
-5.573417417643642693e+03
-6.269833672409355131e+03
-7.249505582261185737e+03
-6.870932888218251719e+03
-4.604875080280228758e+03
-8.186512052775300617e+03
-5.481745366333629136e+03
-4.772162619017894031e+03
-4.974486726964656555e+03
-6.071331273258390866e+03
-6.149663894599038031e+03
-4.814032616808958664e+03
-7.860281787321752745e+03
-5.730529159043614527e+03
-6.393915030652850874e+03
-5.881465638600637249e+03
-5.777776943435820613e+03
-6.650301346428836041e+03
-6.155625577932420128e+03
-6.661562021169779655e+03
-5.774582586621179871e+03
-6.950190440654204394e+03
-7.539721424336435120e+03
-5.149650185800664985e+03
-6.209160109668351652e+03
-5.155114587904707150e+03
-6.793944815425163142e+03
-6.410419203825812474e+03
-3.699948231320714967e+03
-6.494636246416358517e+03
-5.932053422097654220e+03
-7.932118075110124664e+03
-7.010967887268690902e+03
-7.125704767692997848e+03
-4.337872230796912845e+03
-7.510076139868682731e+03
-6.844030130155739243e+03
-6.234505009543341657e+03
-3.986261209370768938e+03
-5.535634009873185278e+03
-6.374741492457791537e+03
-7.467474834464713240e+03
-6.454101603838567826e+03
-4.194202773153672752e+03
-6.025631405318819816e+03
-3.510473017493383395e+03
-6.054187525643151275e+03
-7.087000000000000000e+03
-4.811967401874304414e+03
-5.775909159139185249e+03
-6.127812082313565043e+03
-5.542604641375954088e+03
-4.223223156369709614e+03
-6.027471772183967005e+03
-7.266354281458026890e+03
-5.433530298475781819e+03
-6.483652459828055726e+03
-7.408306806002132362e+03
-5.574044966172625209e+03
-8.001167184159656244e+03
-7.541650444727628383e+03
-5.377581810948880047e+03
-6.589497409858419815e+03
-5.915619608669080662e+03
-5.811903282609351663e+03
-5.540071865267409521e+03
-6.257059955582220027e+03
-6.047131248714996218e+03
-6.507325384642421341e+03
-5.647815909388515138e+03
-6.699433076368842194e+03
-6.034072587482858580e+03
-6.269398499281424847e+03
-5.458363053714614580e+03
-4.297233963287110782e+03
-4.082598906571070529e+03
-5.952816126062487456e+03
-6.285621434928422786e+03
-6.762814551487394056e+03
-6.616041847268509628e+03
-3.579819770782250544e+03
-6.033350770612342785e+03
-3.864435185200139131e+03
-5.545899219128872573e+03
-4.576488251947777826e+03
-5.062476512431229821e+03
-4.842617687709205711e+03
-5.811575474576923625e+03
-6.494985044933905556e+03
-6.391920212066395834e+03
-5.773876329240352788e+03
-5.980433507740252026e+03
-6.834458643788771042e+03
-6.233062391195232522e+03
-5.673686953128802998e+03
-6.191299885890512087e+03
-6.183017091868627176e+03
-6.142806050764726933e+03
-6.422176070226658339e+03
-6.082585430867292416e+03
-6.634056031737187368e+03
-3.915770887187092285e+03
-4.948133485119401485e+03
-6.301076640117349598e+03
-4.716188972507142353e+03
-4.812903188261824653e+03
-6.081427512237090923e+03
-5.930423808160139743e+03
-5.017616314039126337e+03
-7.036837297867519737e+03
-5.517322036279677377e+03
-5.999764161393079121e+03
-5.503190803837743260e+03
-5.496567247701516862e+03
-5.100485507467787102e+03
-5.787035569001318436e+03
-5.454230440758442455e+03
-4.864145477971071159e+03
-6.502185060259910642e+03
-6.762470407829790020e+03
-4.551939343375582212e+03
-5.826748176121946926e+03
-6.029310200326724043e+03
-4.520570497737851838e+03
-6.678188736992608028e+03
-6.255103146807246958e+03
-6.502569801674602786e+03
-6.075953740142677816e+03
-6.508630612922402179e+03
-7.083300058041900229e+03
-5.858370523936676364e+03
-6.505203921283947238e+03
-2.732951142479940245e+03
-6.440925687517993538e+03
-6.331188496778566332e+03
-6.877418697396359676e+03
-6.639934568283358203e+03
-6.762307524856199962e+03
-4.648800405552051416e+03
-5.188608963792257782e+03
-5.578446387147035239e+03
-8.073945141274734851e+03
-6.728357014935831103e+03
-5.425217806729674521e+03
-6.702773928913808959e+03
-5.861533277994154560e+03
-6.006019935632419219e+03
-7.178856723783787857e+03
-4.818638026966775215e+03
-6.316995778169836740e+03
-4.847774073126236544e+03
-6.583302624394556915e+03
-5.475774522992001948e+03
-5.330165668318643839e+03
-6.593419995883105912e+03
-6.330185810939066869e+03
-6.915807699514427441e+03
-6.898967148261245711e+03
-6.283512729975795992e+03
-6.108438870261024931e+03
-6.767143944486875625e+03
-5.799153301634656600e+03
-5.725621481291346754e+03
-7.563962473552905067e+03
-6.099356125968096421e+03
-6.788386779007618316e+03
-6.149896799143194585e+03
-6.502334949495502769e+03
-6.197264529871225022e+03
-5.928452087609153750e+03
-5.854901848554971366e+03
-6.395380393059134803e+03
-5.393772750208720936e+03
-6.260603736352927626e+03
-5.997698095291790196e+03
-5.231380807895111502e+03
-5.660259860491407380e+03
-6.762570510494459995e+03
-6.608928404506423249e+03
-6.667462110088548798e+03
-6.474723113638241557e+03
-6.633164709769501314e+03
-8.197850426499648165e+03
-5.894202357367022159e+03
-6.407265625132269633e+03
-5.666943373782637536e+03
-5.578329948373882871e+03
-6.911508288630577226e+03
-6.045107017523499962e+03
-6.081282563776094321e+03
-6.161446708822107212e+03
-5.556249166701807553e+03
-4.845987853238209937e+03
-5.119315590538711149e+03
-5.781581737126982262e+03
-6.073496931210524963e+03
-5.429360304430786528e+03
-4.297227925241622870e+03
-6.843300469535715820e+03
-5.980089334729588700e+03
-7.268000000000000000e+03
-6.212286888555133373e+03
-5.024482103704934161e+03
-7.582279764903391879e+03
-6.602009373136894283e+03
-5.797729155428547529e+03
-4.289230402068065814e+03
-4.303019068411911576e+03
-6.851399209844566940e+03
-5.923438350232956509e+03
-5.475763499792539733e+03
-5.853411037554127688e+03
-5.762103714776900233e+03
-5.196425825881291530e+03
-4.641715010458612596e+03
-5.091623962229972676e+03
-6.247152250073275354e+03
-5.960381519727356135e+03
-6.335423774518261780e+03
-6.231721629537258195e+03
-5.420529111226575878e+03
-7.161583127887077353e+03
-6.357596077052681721e+03
-6.656440992436535453e+03
-6.012968868991304589e+03
-5.511195521709236345e+03
-5.675462910513551833e+03
-6.700124864886691284e+03
-5.006884894401895508e+03
-6.167922117481309215e+03
-6.137273189400917545e+03
-5.410103160511110218e+03
-6.389989215302563025e+03
-6.198760828822000803e+03
-6.573212628067589321e+03
-5.126807067322732109e+03
-7.073204150566474709e+03
-5.370372393611050938e+03
-6.874705199750401334e+03
-5.739625453040539469e+03
-4.678394819646779069e+03
-6.163051546172525377e+03
-5.692555275468826949e+03
-5.647062775815345049e+03
-6.410237034909699105e+03
-3.964949673311064544e+03
-4.858245997055523731e+03
-2.085868431221053470e+03
-5.898565391436787650e+03
-6.203457167135567033e+03
-5.240249283382863723e+03
-5.873230978471005074e+03
-4.790767366020511872e+03
-6.966411352555737722e+03
-5.726309271358974911e+03
-5.509174289466866867e+03
-5.732956580782009041e+03
-4.373222346162584472e+03
-5.901623046334249921e+03
-3.391221880698030418e+03
-7.152974720508432256e+03
-4.213108439676175294e+03
-5.796256096998115027e+03
-5.340898416121701302e+03
-3.310898139380189150e+03
-5.873948168817870283e+03
-5.597467660226343469e+03
-5.773342933078205533e+03
-6.741620536548243763e+03
-5.138622951600292254e+03
-5.842409884060101831e+03
-5.233814182697832621e+03
-3.808429877153486814e+03
-6.627997369897895624e+03
-5.381999793428427438e+03
-5.385237832312005594e+03
-4.674264210522145731e+03
-5.290760229727292426e+03
-4.858489036699589633e+03
-4.206217337710828360e+03
-6.049088622181027858e+03
-6.106493872227046268e+03
-5.909727434004524184e+03
-5.832468933148161341e+03
-5.608104426974488888e+03
-5.597015447630463314e+03
-2.539049336746264544e+03
-5.141349685296012467e+03
-6.325611183590225664e+03
-5.995688776845520806e+03
-5.769009996787995988e+03
-3.332105856446539292e+03
-5.782755942567189777e+03
-5.729003682139406919e+03
-6.051335102334916883e+03
-6.614026898649218310e+03
-6.016219513136249589e+03
-5.486813567237133611e+03
-5.913352754557546177e+03
-5.399586652420818609e+03
-5.862649288825745316e+03
-5.148876676542141468e+03
-5.810355073072862979e+03
-4.622542705446607215e+03
-5.126121923799206343e+03
-6.100150570021451131e+03
-4.880790083607428642e+03
-6.164140979446221536e+03
-5.210697309092139221e+03
-5.841752720802120166e+03
-6.701604726951118209e+03
-5.918903057132802132e+03
-6.690821513831220727e+03
-5.520682010795390852e+03
-6.090458805301929715e+03
-5.653870606691775720e+03
-7.179767201611653036e+03
-5.821774182323474633e+03
-4.580000244059619945e+03
-5.748442681008158615e+03
-5.694410439758547909e+03
-4.973049845708899738e+03
-5.782235431568336026e+03
-5.386454384766378098e+03
-6.468515803623979082e+03
-4.914773132752117817e+03
-5.042224671121457504e+03
-4.700164696679467852e+03
-5.743830707028611869e+03
-2.966624225419084269e+03
-5.058251402256376423e+03
-6.193190482662866089e+03
-5.548052769617554986e+03
-6.335912299987916413e+03
-5.129561501518024670e+03
-1.500229386558982242e+03
-4.141302328186924569e+03
-5.610680668940821306e+03
-5.842307647617502880e+03
-5.642585322049596471e+03
-4.989687394185652920e+03
-4.606343822483633630e+03
-4.081571239950483687e+03
-5.231956466004922731e+03
-5.522950544986116256e+03
-5.722043167612179786e+03
-5.199735315097844250e+03
-6.291814663361490602e+03
-5.646694741223441270e+03
-5.684294903497213454e+03
-5.634718988569708927e+03
-4.177187713327027268e+03
-5.464887001028081613e+03
-5.572333756793800603e+03
-6.264741095517113536e+03
-6.235873056260114936e+03
-5.637686475794464968e+03
-6.127955782413723682e+03
-6.400245427381291847e+03
-5.479999349664174588e+03
-6.413943909266025003e+03
-5.359599304815370488e+03
-5.574205500027842390e+03
-5.484246593718438817e+03
-6.313836102379294971e+03
-5.915504098578996491e+03
-5.123272023515978617e+03
-6.144123637381781009e+03
-6.284399045854418546e+03
-5.289007638183162271e+03
-4.095018032264574686e+03
-5.934987971335632210e+03
-2.489371385581508093e+03
-5.335326996620377940e+03
-6.393269084691383796e+03
-4.277483771230366074e+03
-4.446908445695941737e+03
-5.985431345379486629e+03
-4.627127636180141053e+03
-6.100242079594984716e+03
-4.037553645495817818e+03
-5.815920422371978020e+03
-6.154453710800483350e+03
-7.106445634704737131e+03
-4.668967431047698483e+03
-6.411296922585072934e+03
-4.916039184845927593e+03
-5.002872240370803411e+03
-4.944670285142359717e+03
-6.512439469161364286e+03
-5.660722366960650106e+03
-4.105315512421724634e+03
-5.879646834317039065e+03
-4.787991269889676914e+03
-6.186523065236578987e+03
-6.515819178907060632e+03
-5.120500595618159423e+03
-5.479830912689160868e+03
-4.780641000568368327e+03
-6.092997300501595419e+03
-5.726934483707538675e+03
-4.586841174523047812e+03
-5.957710757379758434e+03
-5.166452626511477320e+03
-5.182924029114200493e+03
-5.720565802424458525e+03
-4.985857985556845051e+03
-5.360976330279516333e+03
-4.595977557482357952e+03
-6.317736631215080706e+03
-5.389285016632137740e+03
-4.528971819373115068e+03
-6.620795440334070918e+03
-2.620823378916097226e+03
-3.083728680959749909e+03
-4.140182694704317328e+03
-4.271929763600107435e+03
-6.602899082812552479e+03
-4.345147668182628877e+03
-4.266720765508698605e+03
-5.915373334038931716e+03
-5.223955794736678399e+03
-4.610824893234469528e+03
-5.427421457746786473e+03
-5.259477406405557304e+03
-5.806157578132658273e+03
-5.312004861253708441e+03
-5.765814136781680645e+03
-5.632333263402755620e+03
-5.460386790207207923e+03
-4.161460402547437297e+03
-5.920418578270092439e+03
-6.229969265948217071e+03
-5.639348543395612069e+03
-5.831706209904986281e+03
-5.641052740714872925e+03
-5.696000000000000000e+03
-3.292918523569721401e+03
-5.154506852112216620e+03
-4.173869965440140732e+03
-4.624028014498564517e+03
-6.089843279263144723e+03
-5.816349633110137802e+03
-4.900107934371476404e+03
-5.302978442387655377e+03
-4.810826360415589079e+03
-4.203558584306648299e+03
-5.278554548290359890e+03
-5.230487679703949652e+03
-5.494662926952796624e+03
-7.315373809415524192e+03
-4.155099506001971349e+03
-6.286549468742752651e+03
-5.551776083653555361e+03
-4.604056671394705518e+03
-5.265748190442285704e+03
-5.069305146306263850e+03
-5.885902163540218680e+03
-5.201360384132512991e+03
-4.983904188042956775e+03
-4.150974929883312143e+03
-4.963969912585875136e+03
-6.254800126369816098e+03
-3.686681986201318523e+03
-5.506377318405573533e+03
-5.122292362995625808e+03
-5.910520665449863372e+03
-6.254442533869802901e+03
-6.479926790120875012e+03
-4.094067009190030603e+03
-3.946686782792334725e+03
-6.051041042628994546e+03
-6.231315722928920877e+03
-5.465587603035573920e+03
-5.049581860342950677e+03
-3.896201598133146945e+03
-4.823036757636565198e+03
-5.332596734092147926e+03
-4.853794377642726431e+03
-4.371320382752047408e+03
-5.919022984898087998e+03
-5.162512207114275952e+03
-2.350211420678254399e+03
-4.827019310011830385e+03
-5.220213520461692497e+03
-5.525420740531129923e+03
-4.580403537445085931e+03
-5.371236234418001004e+03
-5.765315573349630540e+03
-5.987038008525116311e+03
-5.073848479963471618e+03
-3.934878361419409430e+03
-6.169008890370865629e+03
-5.027864284086296720e+03
-4.045994642377770106e+03
-4.060857044233624947e+03
-5.201451245106851275e+03
-3.651305934216713467e+03
-5.879064609531388669e+03
-5.648528473830077928e+03
-4.046665855365856260e+03
-4.739939146147911742e+03
-4.547837316626565553e+03
-5.720837365211462384e+03
-3.660725899240874696e+03
-5.765772169797690367e+03
-5.103509574012046869e+03
-6.439891984934440188e+03
-5.029566497616132438e+03
-3.415140795577427070e+03
-2.647971358852454159e+03
-2.976866770269519748e+03
-3.997797546457492444e+03
-4.730223586427541704e+03
-5.614454407467265810e+03
-4.296011845681725390e+03
-3.537137206588929530e+03
-4.509332140014231300e+03
-3.658906250904104581e+03
-3.690620245196797896e+03
-2.802184509457166314e+03
-3.850361368355371724e+03
-5.344939148764374295e+03
-3.721784447051611551e+03
-5.664682660548493004e+03
-3.952282945518282304e+03
-6.808612176219581670e+03
-5.671987659045953478e+03
-5.087627011683794990e+03
-4.168859018620094503e+03
-4.815836850791647521e+03
-4.213511147363111377e+03
-5.091765966222584211e+03
-4.977969167894999373e+03
-3.519243367300286536e+03
-4.163711129177316252e+03
-5.163912729239405962e+03
-3.612570008910717206e+03
-3.674189438795116530e+03
-4.578759569983305482e+03
-6.451265481044705666e+03
-2.908476056752310342e+03
-5.272149638266692818e+03
-3.283824079301824895e+03
-3.232597826002452166e+03
-5.366185196458218343e+03
-4.447039187126129036e+03
-6.674394333625499712e+03
-2.180202087313475658e+03
-3.892660895726643503e+03
-4.644861218103656938e+03
-4.951627131173734597e+03
-4.387785961877097179e+03
-5.848725887225304177e+03
-4.485194108254881940e+03
-2.395919856240470835e+03
-5.724105776739887915e+03
-2.545788291442374430e+03
-5.050946041288535525e+03
-3.972474023364605273e+03
-5.731193592678893765e+03
-5.735634878424277304e+03
-5.065793833729323524e+03
-4.904630345996752112e+03
-5.394952779759641089e+03
-4.932989023618498322e+03
-6.640628363702890965e+03
-5.129233770876762719e+03
-5.196683691071275462e+03
-4.556515132373077904e+03
-5.700465413673239709e+03
-4.501484970826456447e+03
-4.552577639336144784e+03
-4.001558758559815033e+03
-6.519153085138209462e+03
-4.596019181942569048e+03
-6.395448961897855042e+03
-5.335442787988303280e+03
-4.666750314789500408e+03
-3.475342733394139486e+03
-5.414500804325456556e+03
-4.078006676586787762e+03
-5.304962021964170162e+03
-4.238121232555587994e+03
-5.077746310029839151e+03
-5.293334769280915680e+03
-4.353899358814222069e+03
-5.208615324402947408e+03
-4.725440228784393184e+03
-4.712768880435575738e+03
-2.016257457519831860e+03
-2.138045621315647168e+03
-4.334049271171179498e+03
-4.092516220989325120e+03
-3.978560151219535783e+03
-3.192568962023139193e+03
-4.485503864432500450e+03
-4.482219844554598239e+03
-4.589586409219668894e+03
-4.778337553939029931e+03
-5.423926452960882671e+03
-4.641510567596522378e+03
-4.850440561934188736e+03
-5.368863867155627304e+03
-3.538383277697964786e+03
-4.595813156537659779e+03
-5.171804700935551409e+03
-4.512717819439221785e+03
-3.836210471711669925e+03
-4.990090962150796258e+03
-2.614155624737074504e+03
-3.835995228176265755e+03
-5.669568497857464536e+03
-5.112285258593873550e+03
-4.747485077369423379e+03
-2.229537420719065267e+03
-4.938900656535872258e+03
-2.902932775758094522e+03
-4.442036343013190162e+03
-4.623812033414251346e+03
-3.522548711986887156e+03
-3.039073671408468272e+03
-4.851579748146936254e+03
-2.134852800333470441e+03
-5.719484814112714048e+03
-6.327809661398071512e+03
-4.815668345634736397e+03
-5.764892405959399184e+03
-4.350874340272556765e+03
-2.038217447129692346e+03
-3.988761264146901340e+03
-4.984585057671362847e+03
-2.612503534682253758e+03
-2.966333438461027072e+03
-3.024291408266082271e+03
-2.850546773950597526e+03
-3.621545147746013299e+03
-3.013279802601638949e+03
-4.125573390931689573e+03
-4.081655172095276612e+03
-4.607888806655245389e+03
-2.479491292602180692e+03
-4.878452307159909651e+03
-5.336324516797373690e+03
-4.300638698744925023e+03
-3.246304401587059147e+03
-4.342652209912809667e+03
-3.730265235285468407e+03
-4.658176958274262688e+03
-3.752521669057933195e+03
-3.441797812873198382e+03
-2.648316641659009747e+03
-3.197390954193439029e+03
-4.166557425073337072e+03
-4.416357796283537027e+03
-3.479049321208618949e+03
-4.585538006830871382e+03
-4.161738340711128330e+03
-3.691123578821752744e+03
-4.990883818392551802e+03
-5.324634212137963004e+03
-4.905530218569913814e+03
-6.464000000000000000e+03
-4.342327073057005691e+03
-5.710103070676289462e+03
-4.444778818187215620e+03
-5.392159449880819921e+03
-3.581705664331544085e+03
-4.471293762465462351e+03
-2.123655388606903671e+03
-4.116484977160675044e+03
-3.735422421870884136e+03
-5.590757685048373787e+03
-3.499973506559746056e+03
-4.847531028351513669e+03
-2.689964603871875170e+03
-1.601353930123987993e+03
-4.088677903461747064e+03
-4.252605396411437141e+03
-5.105775458828204137e+03
-4.039555943321798622e+03
-4.025970009099076378e+03
-4.732928525330920820e+03
-5.337419371451611369e+03
-3.863191262718175949e+03
-3.992585618813153815e+03
-3.064159562762890801e+03
-1.868531979709276584e+03
-3.654254797776208761e+03
-5.041244270998515276e+03
-4.301188003769090756e+03
-5.127430318977100796e+03
-2.577783656886895187e+03
-4.518882223996136418e+03
-3.686460225934419668e+03
-2.364424219259997699e+03
-4.323025304497996331e+03
-4.217727748643865198e+03
-3.733761605948945544e+03
-2.607398571246451411e+03
-3.689733221473288722e+03
-3.667574469715877512e+03
-4.658293895452648030e+03
-3.029408881935832142e+03
-3.425375880263574345e+03
-2.169660643854834234e+03
-5.624773336069847574e+03
-3.834811443566940852e+03
-2.201443927614032418e+03
-4.209153568804171300e+03
-2.265090743081872006e+03
-4.424381581113790162e+03
-3.093142954417415240e+03
-2.670427015641210346e+03
-4.241155318452614665e+03
-3.061467501851195721e+03
-3.784622596657333816e+03
-3.249099858794762895e+03
-2.895633231293009430e+03
-1.815157267530147010e+03
-2.761884946890841093e+03
-4.162550191318727229e+03
-3.019478134120732648e+03
-1.327661392654240217e+03
-2.868774202350158248e+03
-1.831544252834037025e+03
-4.364128645265273008e+03
-3.789718987080274474e+03
-3.803526945480057293e+03
-3.979476396649096387e+03
-4.612773665878708925e+03
-3.737156928785768741e+03
-3.010372816701657030e+03
-3.147049622300002738e+03
-3.124076635385855752e+03
-4.659076781762700193e+03
-2.437789243191024070e+03
-3.799261066023735566e+03
-2.986734216703169295e+03
-3.615161281405798491e+03
-2.073773659104005219e+03
-5.397302042025457922e+03
-3.983559199998388976e+03
-4.789868349712386589e+03
-2.817473513647172240e+03
-3.130339978577826969e+03
-1.601689981289817069e+03
-3.111689102909451321e+03
-4.154055016889820763e+03
-2.323748003232210067e+03
-4.494612932783956239e+03
-2.851493649091537918e+03
-4.380765660809560359e+03
-2.933666145067063553e+03
-4.980891146488032064e+03
-2.332117136818153540e+03
-3.658333642376702755e+03
-2.912793062550310879e+03
-2.915588290147005864e+03
-2.335027664345212543e+03
-3.583428933608362968e+03
-4.798504759288633977e+03
-5.148788878670753547e+03
-4.739709562616576477e+03
-5.313193849463392326e+03
-4.511867848792520817e+03
-3.696309897718608681e+03
-4.083208115570525479e+03
-3.607346814509189699e+03
-3.282120774469412027e+03
-4.323422735357774400e+03
-3.718061408488905727e+03
-3.137626205941508488e+03
-4.825495099081929766e+03
-2.642659361673961484e+03
-2.084562656602654442e+03
-4.069078149246303383e+03
-4.642537528943315920e+03
-2.831894044901746383e+03
-2.376497371560650663e+03
-3.495390380076464226e+03
-4.719990939546107256e+03
-5.388317943383060992e+03
-3.074478700926408692e+03
-2.805659622998726263e+03
-3.819842405328121004e+03
-4.596803008981561106e+03
-4.849814983738589945e+03
-4.964929607000763099e+03
-3.469087729897787995e+03
-2.653112775977943329e+03
-2.538802702336273796e+03
-3.078517964025170386e+03
-2.227359900331457084e+03
-2.288154450135025400e+03
-1.684377840666727707e+03
-2.653419356681620684e+03
-3.295655438768993918e+03
-2.960200305085806576e+03
-2.336801723029235745e+03
-3.160276706731858212e+03
-3.039377093048919960e+03
-4.367874478467624613e+03
-2.158802929416617189e+03
-2.736590041451613160e+03
-2.870787841852361908e+03
-3.610638573316067777e+03
-3.799269143627842823e+03
-2.004729916391052029e+03
-3.404860032597385270e+03
-3.947800269935594315e+03
-4.020184772951115519e+03
-3.074162139126668990e+03
-4.724349160382335867e+03
-2.292715800226151714e+03
-2.622449807919604609e+03
-3.956612851632625734e+03
-3.058788104979657874e+03
-2.771020985255587675e+03
-2.958990293131369071e+03
-2.182516207296126595e+03
-2.698044006341287513e+03
-3.469449717170737131e+03
-5.548960628624155106e+03
-3.512714925507209955e+03
-2.883452079409398721e+03
-2.643548275040246153e+03
-1.707570660053033635e+03
-1.523705785096745331e+03
-4.190889590476425838e+03
-1.898889952312923242e+03
-3.872291243947004205e+03
-3.630428293731667054e+03
-3.244999580114833407e+03
-3.621953306558242275e+03
-3.095116534837870404e+03
-3.152596634787606490e+03
-3.032829538855372903e+03
-2.647786451022385791e+03
-2.609842388272066728e+03
-4.515004812186536583e+03
-2.801781095133652798e+03
-3.297589837312455074e+03
-4.653583554804306914e+03
-2.217943748131193388e+03
-2.410721147292147180e+03
-3.481646933433710274e+03
-2.277701626152363133e+03
-1.912935501056312205e+03
-5.590917841245129239e+03
-3.612262419617067735e+03
-2.349610486694919018e+03
-3.309843033206020664e+03
-3.292629357837860425e+03
-1.687643152781296294e+03
-2.143233573417222487e+03
-2.865368163974930667e+03
-2.929898316390153013e+03
-4.229737323346533231e+03
-4.148341488228114031e+03
-3.763269398755083785e+03
-2.888598537597697032e+03
-3.906823416908789568e+03
-3.148253539358378475e+03
-4.014894863272003022e+03
-3.731655193061214959e+03
-3.937784814913805349e+03
-1.914566556271916397e+03
-1.707345393627310159e+03
-3.029408198372545485e+03
-4.560404353097851526e+03
-2.881429968095397726e+03
-2.246406990806388876e+03
-2.488181968281848640e+03
-2.844344718332781213e+03
-3.024519433082493833e+03
-3.611713307465539856e+03
-3.364732782471501196e+03
-2.600122282269718653e+03
-1.332431975657033718e+03
-3.363467577360663199e+03
-3.187799116273538857e+03
-2.728774828930842432e+03
-2.229963276556318306e+03
-2.383779065275043649e+03
-2.907827996566431466e+03
-2.773456707580361581e+03
-2.803541289738066098e+03
-3.259398963436698978e+03
-2.774526678232003633e+03
-2.269213751136224801e+03
-2.475688297283371867e+03
-4.466451326841100126e+03
-3.591128696658486206e+03
-3.835116607088794353e+03
-3.111759390144982717e+03
-4.225091200947369543e+03
-4.049361660889661835e+03
-4.401158686253113046e+03
-2.568556250716663271e+03
-1.849524363169676008e+03
-2.778614940687559738e+03
-2.995504983003419966e+03
-2.695447311196164719e+03
-3.295816169975785215e+03
-3.399408910818935510e+03
-3.078317345365596793e+03
-2.273394502037996517e+03
-3.334378336428138482e+03
-2.155890066745597778e+03
-5.133279387915464213e+03
-2.789435208076803974e+03
-2.500166433860841153e+03
-5.423158325043717014e+03
-4.966397031197318029e+03
-4.288710273379631872e+03
-3.747817667597558739e+03
-2.836630465617067784e+03
-3.530248991584927353e+03
-4.029304057522664152e+03
-3.852771516994578633e+03
-3.661061357327954738e+03
-2.232772487650067887e+03
-2.941469851674220081e+03
-2.547019126845694245e+03
-1.898077959964346292e+03
-2.950819246663011654e+03
-2.596239391480311042e+03
-3.568616879297593186e+03
-3.237064807139227923e+03
-4.236861551213404709e+03
-3.251789088474314212e+03
-2.478711601940587116e+03
-2.188654537472491029e+03
-3.789590834704868485e+03
-2.603244917337921834e+03
-2.902611802786418139e+03
-3.034897716579172084e+03
-2.809552700744343838e+03
-3.706735042677874844e+03
-3.072025277781669047e+03
-1.908290658367724063e+03
-3.279063269931553350e+03
-2.322353436621136552e+03
-1.383832290402706576e+03
-2.635346391889595907e+03
-2.370963048927531418e+03
-2.194026403932834000e+03
-4.526317878715472034e+03
-2.038860399412999186e+03
-2.962589114057175721e+03
-2.706915690133708267e+03
-3.684042294415405649e+03
-3.860839636577855345e+03
-3.120828297249298430e+03
-2.428321827233932709e+03
-4.815670213128734758e+03
-2.547781235172745710e+03
-2.920121339949490903e+03
-4.655757611664843353e+03
-2.954159838696083170e+03
-4.157524485625794114e+03
-3.836426348634279748e+03
-2.758794240347344839e+03
-3.948474525667800208e+03
-3.134431416048998472e+03
-2.917398085200528385e+03
-3.406657837174184806e+03
-3.428272741408914499e+03
-2.111650199754927144e+03
-2.883677232300502510e+03
-3.629044191438438702e+03
-3.201325837952353140e+03
-3.026256209144808054e+03
-2.017384033769093094e+03
-2.741922632995760523e+03
-2.396251463176039579e+03
-3.505422946960421996e+03
-2.154609815939259988e+03
-4.066227372660991932e+03
-4.186155261544217865e+03
-2.347879295793301026e+03
-4.079733866364005735e+03
-2.214326905047341825e+03
-2.479962112438468921e+03
-4.867914590677873093e+03
-1.811173632016167176e+03
-2.422110349612921709e+03
-3.763808854243954556e+03
-4.175137564181627567e+03
-2.318730034443338809e+03
-2.972794654355502644e+03
-2.621306431959328620e+03
-2.375116283177286732e+03
-1.962646858253957816e+03
-3.061233790066924939e+03
-2.490097101459611167e+03
-3.326082142378007120e+03
-3.590902179092289316e+03
-2.641020370247371375e+03
-3.157655830752515158e+03
-2.989824211740982719e+03
-3.512421116576425447e+03
-2.650266515057244760e+03
-4.443015969599912751e+03
-3.103668024314137256e+03
-1.681845235945809236e+03
-3.284537190049360561e+03
-2.949675798699691313e+03
-2.555908859643561755e+03
-3.040169664104977528e+03
-1.927520659543632291e+03
-2.632726529666790611e+03
-2.434011803923575826e+03
-3.001504400218486808e+03
-2.441862089242757065e+03
-1.636813130864587265e+03
-3.873768781348285756e+03
-1.556932636612485794e+03
-3.165314619699483956e+03
-2.608228769313492649e+03
-2.733488199267939763e+03
-1.876457805337335230e+03
-3.067075928101138743e+03
-2.640301710692654069e+03
-3.515064678673207709e+03
-2.977304188755993891e+03
-1.804191527827837945e+03
-2.062409774860677771e+03
-2.734585785027328257e+03
-2.521171697182944627e+03
-1.508249553678764187e+03
-2.765225716232501327e+03
-2.805149590913376869e+03
-2.392342149723674538e+03
-1.953542383150896740e+03
-3.734688502516267363e+03
-1.135312056971441507e+03
-4.205450089083575222e+03
-2.049125180652984000e+03
-1.394763988051411161e+03
-2.284921941352086378e+03
-2.207738100643786765e+03
-3.889062695398517008e+03
-1.772805796387474629e+03
-6.032476055075270779e+03
-3.111572474900418001e+03
-1.792230104061207157e+03
-2.870521345389558974e+03
-3.533635714002499299e+03
-3.032592132455380579e+03
-1.642270432796737850e+03
-4.290680278568661379e+03
-2.513714004320967433e+03
-3.355594963273282247e+03
-2.784457962143860186e+03
-3.266163860645958721e+03
-3.895814481915923352e+03
-2.227380755223767665e+03
-3.357305592107024040e+03
-2.946212703101670286e+03
-2.039890839900304627e+03
-1.878095941809918486e+03
-2.682906032349227644e+03
-2.111824082527312385e+03
-3.193029619692686538e+03
-2.468226886214281421e+03
-4.111461200736307546e+03
-1.915545257260560902e+03
-2.899734483490100956e+03
-2.619166159481455907e+03
-1.020082284543207152e+03
-3.001564358946888206e+03
-2.993268251293341564e+03
-4.258762547976566566e+03
-3.779252445250471283e+03
-2.393551477348218668e+03
-4.727528943253058969e+03
-2.584210863599898858e+03
-3.636131845899043128e+03
-3.720224295438601985e+03
-1.971961195417313775e+03
-3.952817084979797073e+03
-3.020237076048885228e+03
-2.496503056812598970e+03
-4.161998341393294140e+03
-2.350791801984685662e+03
-2.534643595589212509e+03
-3.762567785777954668e+03
-2.063754552055522254e+03
-2.819466160277708696e+03
-2.881866498245769890e+03
-1.673142743130229974e+03
-2.238626018579041101e+03
-2.045246288837792008e+03
-2.453423910179538325e+03
-4.595973286944010397e+03
-3.170373491135412678e+03
-2.495204463267003575e+03
-3.078605718200980846e+03
-3.150727373662271475e+03
-2.379065100102541237e+03
-2.524814432011627559e+03
-2.811533553790263340e+03
-2.474435053187881749e+03
-2.436840178327577632e+03
-2.460961272773600285e+03
-1.443787634137696614e+03
-3.258259598512782304e+03
-2.069424499730691423e+03
-2.385399520063827822e+03
-1.538621046347870561e+03
-1.394547442980115875e+03
-1.374126925537532316e+03
-1.293890697577438914e+03
-4.606615693730281237e+03
-3.051611010691861338e+03
-2.105635977848966377e+03
-2.002908434261825960e+03
-2.552984279077059909e+03
-1.101137399938927501e+03
-1.899081008155641712e+03
-3.161517592115982097e+03
-2.726484860839457724e+03
-3.534893296403000932e+03
-4.495221734008378917e+03
-2.635399504293675818e+03
-2.892061272873782855e+03
-2.407937049211987869e+03
-2.444023424268024883e+03
-1.600499498691548069e+03
-3.690634772644624718e+03
-2.294332636829276453e+03
-2.292193674607421144e+03
-2.968424204948249098e+03
-1.912501017072464720e+03
-1.628217014246449708e+03
-2.902628597721849474e+03
-2.264958468177535906e+03
-2.523595534103546015e+03
-1.969140657696100561e+03
-2.857275029634403381e+03
-2.362951800434337201e+03
-1.639444025546891453e+03
-2.289700358273395523e+03
-3.215291022538510333e+03
-2.421482782390067769e+03
-3.575895776497154202e+03
-1.674430907569783358e+03
-1.810885795910527122e+03
-2.799395847284944011e+03
-3.787268377140778739e+03
-1.573257845362725220e+03
-6.591260190044176852e+02
-1.849015550666309764e+03
-2.284657658810610428e+03
-1.212895373628585730e+03
-2.020499371876404439e+03
-4.179017369297360347e+03
-2.511736971966459805e+03
-1.283430506090774543e+03
-2.239650989758309152e+03
-3.825456912530859881e+03
-2.175045180197012087e+03
-2.885913920540344861e+03
-2.489027040709684115e+03
-3.779945585806785402e+03
-1.868762550209072970e+03
-2.496016781045112111e+03
-2.941897917823593616e+03
-2.801387116951931148e+03
-1.792806671484106346e+03
-1.434726445871427813e+03
-3.505448744947037994e+03
-2.860963342484272289e+03
-3.174181128716580133e+03
-2.705760742829751052e+03
-3.226596933826797340e+03
-2.489800995290206629e+03
-1.973628014518512373e+03
-2.113393653322741102e+03
-3.014405185529058144e+03
-2.501491418921274089e+03
-1.539432452846564274e+03
-2.656018299006202597e+03
-2.514638552802213326e+03
-1.583693781850584173e+03
-1.226902093300805291e+03
-1.946257738951601368e+03
-2.483712213762576084e+03
-1.832043590562881036e+03
-1.708955969744812819e+03
-3.195884721135554173e+03
-2.328372086752437099e+03
-1.784435484720273053e+03
-2.369737690985983591e+03
-1.608333483116171465e+03
-2.878719055232234496e+03
-3.029390068268000050e+03
-2.702196655909367564e+03
-2.214710994207596741e+03
-2.967924264697452600e+03
-3.291166668018455766e+03
-2.157342425048082532e+03
-1.312199842674434194e+03
-2.547760382190964265e+03
-1.640476602992215703e+03
-1.634488131455929533e+03
-1.784309306620650659e+03
-2.506547615994304124e+03
-2.354607183538659683e+03
-2.735906168832211733e+03
-1.511846252233182213e+03
-2.544571466974733084e+03
-2.847936926135202611e+03
-3.783027168369933406e+03
-1.888981664003383457e+03
-2.309851724344528975e+03
-2.668540124051180555e+03
-2.443199986841853843e+03
-1.618076503973959461e+03
-1.948664206590358390e+03
-2.119946871675531838e+03
-2.101486428883708413e+03
-1.550164277468603814e+03
-1.744911333167065777e+03
-3.090826148059607931e+03
-2.007242678570255293e+03
-2.666995198017861185e+03
-2.310137088740916170e+03
-3.114742981895250068e+03
-3.089873605888138172e+03
-4.124968158361235510e+03
-1.957894523133088796e+03
-2.223165451121825299e+03
-1.960372347094462384e+03
-2.965901408107882162e+03
-2.000790774254164489e+03
-9.822231437765618693e+02
-2.507090658744011307e+03
-1.806915912862791174e+03
-3.016301387751617312e+03
-1.283269522173108953e+03
-3.389052790031316363e+03
-1.536896873586019410e+03
-2.909775473660867192e+03
-2.360036158410664939e+03
-2.287080557804808905e+03
-2.367162469993326340e+03
-1.561611692070572190e+03
-1.560014536657663939e+03
-2.467319444839403786e+03
-3.285251493833001859e+03
-2.289344145798538648e+03
-2.144908533906170760e+03
-2.836710592764261492e+03
-1.975956987032136340e+03
-2.189106080675896465e+03
-2.214392637305233166e+03
-9.632495738026517529e+02
-1.374112752790746526e+03
-2.084784263347518845e+03
-1.166026603408137589e+03
-3.139512944256568517e+03
-2.162645076107481145e+03
-1.884676394596467389e+03
-3.053000616761482434e+03
-2.109939771462945828e+03
-2.595245442140252180e+03
-1.945538359279174756e+03
-3.328627830359292602e+03
-3.151289737580673318e+03
-2.628211555811385551e+03
-2.208529505882043395e+03
-2.292846718637048980e+03
-2.365332806834592247e+03
-2.617734515259818181e+03
-1.409403386364535436e+03
-2.152695473245582434e+03
-1.998513636200888641e+03
-2.092007546514610112e+03
-1.873338769177660424e+03
-2.104263896645664772e+03
-2.255909586132399909e+03
-2.186064864517630667e+03
-2.700660982153585337e+03
-1.824058712043593005e+03
-1.516105928909454406e+03
-2.741864535763252661e+03
-1.672983213369997202e+03
-2.628006050931353457e+03
-2.269215007554081694e+03
-3.132328990235821948e+03
-1.995865342204230501e+03
-3.154504749896317662e+03
-1.866639149050452261e+03
-3.505597238155927243e+03
-1.755171359584725224e+03
-2.491091779366510764e+03
-1.819731131008767306e+03
-3.615588385593423936e+03
-2.976430983194245073e+03
-2.441948175417344373e+03
-2.505716977746368229e+03
-2.088240023302654208e+03
-1.397151759461856955e+03
-2.611850047030826317e+03
-1.883420321033039727e+03
-2.199949121232471953e+03
-2.849865539478892515e+03
-2.618564307168170672e+03
-2.973486219988099492e+03
-2.462428958238255746e+03
-2.611551468506764650e+03
-1.268146630858500885e+03
-2.495820680368492049e+03
-2.977976796439437294e+03
-2.701816835557833201e+03
-1.745672352091167568e+03
-2.709662202607168638e+03
-1.851559253313884028e+03
-3.379860400334094265e+03
-1.521642556238386760e+03
-3.154685916513046777e+03
-2.864937057052436558e+03
-3.036902805917761725e+03
-2.937405293542853087e+03
-2.650584206430323775e+03
-2.524175313297123012e+03
-2.289894501906271216e+03
-1.302019565033894423e+03
-2.165447087648874913e+03
-2.047681952611926363e+03
-2.683420894745051555e+03
-2.224355296971747521e+03
-2.803708858139423683e+03
-2.163871564421106996e+03
-3.103358077491488984e+03
-1.617706752029787367e+03
-1.107189978229902636e+03
-1.514559601783061680e+03
-1.774523734169167483e+03
-1.422403660424423151e+03
-2.977978660717173170e+03
-2.644757401466496958e+03
-2.694129777871943588e+03
-2.094730386545402325e+03
-2.808635849134978798e+03
-1.623387394990172652e+03
-2.114712193905691947e+03
-2.662429390619726746e+03
-2.124864317903767187e+03
-1.732470022540700256e+03
-1.545259919378269842e+03
-3.136328563292944182e+03
-4.050169777546585010e+03
-2.410994169031870115e+03
-9.964856359885252459e+02
-2.459167604496985405e+03
-2.435617712204859799e+03
-2.896446397872347916e+03
-1.539690044818779825e+03
-2.382874361658467478e+03
-3.118238137203053611e+03
-2.754361614677506168e+03
-3.193162606405487168e+03
-1.604719695044838545e+03
-2.722032903430136685e+03
-1.483796701079337936e+03
-2.125042313658029798e+03
-2.077585660149416071e+03
-1.501688971939926205e+03
-2.796146047382318102e+03
-1.532635602378149542e+03
-2.866344664060690320e+03
-2.798608993592647039e+03
-2.768941740302611834e+03
-2.637968182570240060e+03
-2.885820157466909677e+03
-3.339364125049594804e+03
-2.639222863070342100e+03
-2.010927937907382329e+03
-2.725171730722833217e+03
-3.144829166313222686e+03
-1.979464470011516141e+03
-2.197651935803197830e+03
-2.476217903233455218e+03
-3.228949112687616434e+03
-1.403386338598743578e+03
-2.842865796760092962e+03
-3.109755812995342239e+03
-2.172432550451157113e+03
-2.265082165094881475e+03
-2.866445663358098045e+03
-1.810887986622042263e+03
-2.541560062446862503e+03
-2.099121154015072534e+03
-2.172910100353609778e+03
-2.647076215212360694e+03
-3.150480730351986949e+03
-1.481010783662937683e+03
-2.138125093896035651e+03
-2.317671769288285759e+03
-2.039820084733406020e+03
-3.589903992323345847e+03
-1.177561955356844010e+03
-1.393478909451948311e+03
-1.757909013017119150e+03
-9.797648357061752904e+02
-3.317228507474002072e+03
-2.306347658342377144e+03
-1.546524389800414610e+03
-3.028282258699511658e+03
-2.408345757862392929e+03
-1.813016224643961095e+03
-2.749171648315661969e+03
-1.722386465111355847e+03
-2.516580423335589330e+03
-1.890324929314297151e+03
-2.085704242426369547e+03
-1.775443945017571423e+03
-1.149175113931783017e+03
-2.263967797505849376e+03
-2.376050165363446013e+03
-1.129986876929577875e+03
-3.151020838022796852e+03
-2.135252569300024788e+03
-1.897165649050383990e+03
-2.528028379259321355e+03
-2.870789829333818943e+03
-2.295773765491648646e+03
-1.119288134034668474e+03
-1.189327205972465890e+03
-2.174955259024054158e+03
-2.255493950451255387e+03
-1.923280393785351862e+03
-2.405635613492104312e+03
-2.315485204824740777e+03
-2.279040070281061162e+03
-1.994594201827329925e+03
-2.365403077509349714e+03
-1.516092354560079912e+03
-1.566623471360753001e+03
-1.983772531326317221e+03
-1.546833360182052957e+03
-1.635932114631665172e+03
-1.301167068362404734e+03
-1.590392937679211627e+03
-2.218678107153667952e+03
-1.272454157645964187e+03
-2.924397509644323691e+03
-1.538048315157036541e+03
-2.427227608050760864e+03
-2.101753927647197543e+03
-2.457034846526429646e+03
-1.916932237507044420e+03
-1.738650314250102610e+03
-1.570554187320093661e+03
-1.835002852776711052e+03
-8.849634991658508625e+02
-2.254718471587770182e+03
-1.228400486198095678e+03
-1.233435241544711516e+03
-1.485248345449254657e+03
-2.295910642779025693e+03
-1.679351530200833167e+03
-2.968422477190141308e+03
-2.769737726049113917e+03
-3.154467098061979414e+03
-2.077756861247166398e+03
-1.696552076393821380e+03
-1.140969349469360850e+03
-2.613888935505833615e+03
-2.393545110823231880e+03
-3.071705039830051646e+03
-2.251775232206211058e+03
-1.795689896738200559e+03
-2.124060879360517447e+03
-9.815050698160713409e+02
-1.752102005548077159e+03
-2.183497229465735472e+03
-2.102931031051443824e+03
-1.412587739106131494e+03
-2.010742059983627314e+03
-2.722328034880254563e+03
-2.694364064853915352e+03
-1.842723226996013864e+03
-2.103796542244010652e+03
-1.565815658287516953e+03
-1.178456915506310452e+03
-1.176656823661828639e+03
-2.639488379056246231e+03
-1.631699467133377311e+03
-3.137085354860650114e+03
-1.791663351116607600e+03
-2.227556958726963330e+03
-1.495412740790853150e+03
-1.729719062578240028e+03
-2.182038569987075789e+03
-1.119936667070534668e+03
-1.609436017237762599e+03
-1.505706187948717115e+03
-1.375077969402068675e+03
-1.838623043509202489e+03
-1.844486493083852565e+03
-2.479382227307273297e+03
-2.504939977515106875e+03
-1.836032171265289435e+03
-2.124580827305651837e+03
-2.316889968622168908e+03
-2.702272665894788133e+03
-1.727124908127294020e+03
-2.255822016395277387e+03
-2.524288421621211455e+03
-1.708992719936283038e+03
-2.056533772044457692e+03
-1.954252788651618403e+03
-1.377762965848500471e+03
-1.310576077075918420e+03
-2.022269357214207503e+03
-1.649948813856344259e+03
-2.627447365062294466e+03
-2.876091584069322835e+03
-2.295879082228811512e+03
-1.763524331912443131e+03
-1.809444216106286831e+03
-2.255381504256828066e+03
-1.458585355360104586e+03
-3.115117980047176388e+03
-1.789848788207031021e+03
-1.962260953076817941e+03
-1.183549354264634985e+03
-9.880543726617136144e+02
-1.233745976336962258e+03
-1.474244983814291345e+03
-1.761879029143009575e+03
-2.975137297981684242e+03
-2.373490613475187274e+03
-1.853553474859410926e+03
-2.659577740586334585e+03
-1.739352193011087365e+03
-2.474379089309098617e+03
-2.628888806753506742e+03
-1.902966112825005894e+03
-1.360507830515970682e+03
-1.357077150413329264e+03
-9.808546586353432986e+02
-1.171876224766047017e+03
-1.362138178450383293e+03
-1.928678384596594469e+03
-2.267535982281328415e+03
-2.902470788377164808e+03
-3.588286724655624766e+03
-2.412574184139444242e+03
-1.787866551120441954e+03
-1.685703036862475301e+03
-2.214891580787817020e+03
-1.604597330558500971e+03
-2.970679912448240430e+03
-1.490318290359149842e+03
-1.214110211757928482e+03
-1.950880155772444823e+03
-2.219272738625762486e+03
-1.106370330517759157e+03
-1.974824174185404672e+03
-3.064087843663689455e+03
-2.350651093783937085e+03
-1.324282977686088770e+03
-5.853211107528899220e+02
-1.137379987596967567e+03
-2.253500110221420528e+03
-1.668724178676216070e+03
-2.300349644012298540e+03
-1.821117406853962166e+03
-1.720054215555361907e+03
-2.913697711695548605e+03
-2.201398625400856417e+03
-1.691652678593920882e+03
-1.611922605523711809e+03
-1.892755224551734500e+03
-3.078966521340888903e+03
-3.133608989571784605e+03
-2.416001342741213193e+03
-1.590442745115052048e+03
-1.972036053701226820e+03
-1.309993599360943563e+03
-1.063868934228408534e+03
-2.148727522144101840e+03
-1.694036509675307570e+03
-1.150312866492195326e+03
-2.235442783960040742e+03
-2.125897528418627644e+03
-1.240130380880423672e+03
-2.946545583705047193e+03
-2.031279361547874032e+03
-2.146700979473136158e+03
-1.243940005042963094e+03
-1.884043348306139251e+03
-1.666595458724341597e+03
-2.151014983981712248e+03
-1.708169137802936802e+03
-1.403117597612085774e+03
-1.828581964636278371e+03
-1.717311128839663297e+03
-1.256833898509131132e+03
-6.474521640619215077e+02
-1.355255195090721372e+03
-1.910243052039728127e+03
-1.661464491360220563e+03
-2.378085975132844396e+03
-9.263863164522111902e+02
-5.723173642505655607e+02
-1.888125020943946311e+03
-3.306314538909781731e+03
-1.402886568003103548e+03
-1.468383419726190596e+03
-1.726088892001749173e+03
-1.453554686693710210e+03
-8.594170196136706181e+02
-2.196484668967324978e+03
-3.141091690515662322e+03
-1.033890416803295693e+03
-3.626493080679765171e+03
-1.897631285353046451e+03
-1.067685923628314868e+03
-3.063644020580163669e+03
-1.411058452613297277e+03
-2.241459474014094667e+03
-1.924162893972831171e+03
-1.887465386976169384e+03
-1.816853091861842131e+03
-1.999894187678212120e+03
-8.666364412725118882e+02
-1.921873708147628804e+03
-1.076549751130827190e+03
-5.127417722211512228e+02
-1.204878419354911102e+03
-1.733588024726314870e+03
-1.333340429096649359e+03
-1.676799834196128813e+03
-2.011465095150169645e+03
-1.650335279289300843e+03
-2.227356584796132665e+03
-2.096578112648133356e+03
-1.776340166407096604e+03
-1.514326362017107385e+03
-2.347023177467556707e+03
-6.901789345920765300e+02
-1.183754815380457330e+03
-1.726035387860687933e+03
-1.865865035296450515e+03
-2.171562335489062207e+03
-2.527189608676183070e+03
-2.749026892045979821e+03
-2.490602005343352630e+03
-1.591659707671165052e+03
-2.197622467571386551e+03
-1.569041988492597284e+03
-1.994774786070078335e+03
-7.249082309351462072e+02
-1.331268981236968557e+03
-1.228265509880578975e+03
-2.286070907398522195e+03
-2.827365338334126591e+03
-1.661430563585317259e+03
-1.970289269914338774e+03
-1.777840430980811107e+03
-1.517071687491247076e+03
-1.865114157314734257e+03
-8.964859446097501632e+02
-2.033744651838804657e+03
-1.161339691151909847e+03
-9.732391683045677837e+02
-1.607231722286280501e+03
-2.752283452595331710e+03
-1.749947037222639892e+03
-1.442400034391975623e+03
-2.511232067441384061e+03
-9.997740179582980318e+02
-1.679620312163362087e+03
-2.095657474321392328e+03
-1.062190112875077375e+03
-1.287797153751760789e+03
-1.068060422579260376e+03
-2.258456176312419757e+03
-1.638455462568127814e+03
-7.605960370339728343e+02
-2.634074701522444229e+03
-1.844690906732580288e+03
-1.075374230924951917e+03
-2.203739684472159752e+03
-1.465330125032912520e+03
-2.303053300114824651e+03
-5.454517859711237406e+02
-2.148916731179514954e+03
-1.222178864716733415e+03
-1.027469108654459205e+03
-2.410153825779461386e+03
-1.510520975554711640e+03
-1.776799743490153332e+03
-1.654020709526948167e+03
-2.443888199079090100e+03
-1.811019780970749252e+03
-1.970176111371925799e+03
-1.884893580105016099e+03
-1.521087072714404485e+03
-1.041864274290069716e+03
-1.773153624671030911e+03
-2.304014302270343705e+03
-1.195987995290808612e+03
-8.844215577040303060e+02
-1.440318107507343939e+03
-2.118001481895058532e+03
-1.401199528220479579e+03
-2.977592200178891289e+03
-3.135643591364975237e+03
-2.042100179964523932e+03
-8.806629417600852321e+02
-1.963325280064931576e+03
-1.383241283284851079e+03
-2.005333962764010721e+03
-1.544519538309101335e+03
-2.079098948911899242e+03
-1.741363978602195857e+03
-1.942737084238020088e+03
-1.541357385304598893e+03
-1.098756132168624617e+03
-1.943444860688149902e+03
-1.451469794424287556e+03
-1.857482592935522689e+03
-8.844415567643778786e+02
-1.668128211834657577e+03
-1.585596632296556891e+03
-1.951478013364348953e+03
-2.398637745808479849e+03
-2.385410435861372207e+03
-1.267586913904133098e+03
-1.323040423321559729e+03
-1.068868743040743539e+03
-1.915498470672760959e+03
-1.309301818888361140e+03
-2.198601465741512129e+03
-1.962504594289983061e+03
-1.045792511792000369e+03
-1.104152359710945348e+03
-8.986438619387139397e+02
-1.483872678560227314e+03
-1.754242821945370451e+03
-1.245333888273753246e+03
-1.801638409256103841e+03
-2.497766633655855912e+03
-1.848763099441832082e+03
-1.137256750917137197e+03
-2.130799188830309959e+03
-1.085387136030656166e+03
-3.012128081552942604e+03
-2.307578202625786162e+03
-1.392624750669238210e+03
-9.591431231497109593e+02
-1.567328538678785208e+03
-1.597413650163939337e+03
-1.716039783115559885e+03
-2.201838543286637560e+03
-1.343235966747074372e+03
-1.331561543839860178e+03
-1.452077006862170492e+03
-9.641208540596314833e+02
-7.438307964163557244e+02
-1.157525251209493263e+03
-1.571275308965870181e+03
-2.098722859884057016e+03
