1.000000000000000000e+03
1.000000000000000000e+03
1.000000000000000000e+03
1.000000000000000000e+03
1.000000000000000000e+03
1.000000000000000000e+03
1.000000000000000000e+03
1.000000000000000000e+03
1.000000000000000000e+03
1.000000000000000000e+03
1.000000000000000000e+03
3.780000000000000000e+02
3.760000000000000000e+02
1.000000000000000000e+03
1.000000000000000000e+03
1.000000000000000000e+03
1.970000000000000000e+02
1.000000000000000000e+03
3.010000000000000000e+02
1.000000000000000000e+03
2.470000000000000000e+02
1.000000000000000000e+03
2.640000000000000000e+02
1.000000000000000000e+03
2.020000000000000000e+02
3.070000000000000000e+02
9.810000000000000000e+02
1.000000000000000000e+03
1.000000000000000000e+03
1.000000000000000000e+03
2.180000000000000000e+02
2.150000000000000000e+02
2.950000000000000000e+02
1.990000000000000000e+02
1.000000000000000000e+03
1.000000000000000000e+03
4.620000000000000000e+02
1.000000000000000000e+03
1.000000000000000000e+03
1.000000000000000000e+03
3.830000000000000000e+02
1.000000000000000000e+03
3.040000000000000000e+02
1.000000000000000000e+03
2.210000000000000000e+02
1.000000000000000000e+03
2.670000000000000000e+02
6.460000000000000000e+02
1.000000000000000000e+03
1.000000000000000000e+03
1.000000000000000000e+03
1.000000000000000000e+03
1.000000000000000000e+03
2.690000000000000000e+02
1.000000000000000000e+03
1.000000000000000000e+03
1.000000000000000000e+03
2.050000000000000000e+02
1.000000000000000000e+03
1.000000000000000000e+03
2.360000000000000000e+02
2.110000000000000000e+02
1.000000000000000000e+03
1.000000000000000000e+03
1.000000000000000000e+03
2.160000000000000000e+02
1.000000000000000000e+03
2.080000000000000000e+02
1.000000000000000000e+03
1.000000000000000000e+03
1.000000000000000000e+03
2.100000000000000000e+02
1.000000000000000000e+03
1.000000000000000000e+03
1.000000000000000000e+03
9.160000000000000000e+02
1.000000000000000000e+03
1.000000000000000000e+03
3.280000000000000000e+02
2.410000000000000000e+02
1.000000000000000000e+03
1.000000000000000000e+03
2.490000000000000000e+02
5.830000000000000000e+02
1.000000000000000000e+03
1.000000000000000000e+03
1.000000000000000000e+03
1.000000000000000000e+03
5.550000000000000000e+02
1.000000000000000000e+03
1.000000000000000000e+03
1.000000000000000000e+03
4.480000000000000000e+02
1.000000000000000000e+03
1.000000000000000000e+03
1.000000000000000000e+03
4.930000000000000000e+02
2.110000000000000000e+02
5.630000000000000000e+02
1.000000000000000000e+03
1.000000000000000000e+03
2.210000000000000000e+02
3.590000000000000000e+02
8.650000000000000000e+02
9.700000000000000000e+02
1.000000000000000000e+03
1.000000000000000000e+03
2.080000000000000000e+02
1.000000000000000000e+03
2.730000000000000000e+02
1.000000000000000000e+03
1.000000000000000000e+03
1.000000000000000000e+03
1.000000000000000000e+03
1.000000000000000000e+03
1.000000000000000000e+03
5.820000000000000000e+02
4.630000000000000000e+02
1.000000000000000000e+03
2.880000000000000000e+02
2.220000000000000000e+02
1.000000000000000000e+03
1.000000000000000000e+03
1.000000000000000000e+03
2.100000000000000000e+02
1.000000000000000000e+03
3.950000000000000000e+02
1.000000000000000000e+03
1.000000000000000000e+03
1.000000000000000000e+03
1.970000000000000000e+02
1.000000000000000000e+03
1.000000000000000000e+03
1.000000000000000000e+03
1.000000000000000000e+03
2.420000000000000000e+02
1.000000000000000000e+03
1.000000000000000000e+03
4.610000000000000000e+02
2.930000000000000000e+02
1.000000000000000000e+03
4.220000000000000000e+02
1.000000000000000000e+03
3.340000000000000000e+02
1.000000000000000000e+03
1.000000000000000000e+03
2.540000000000000000e+02
1.000000000000000000e+03
1.000000000000000000e+03
1.000000000000000000e+03
1.000000000000000000e+03
1.000000000000000000e+03
3.670000000000000000e+02
1.000000000000000000e+03
4.070000000000000000e+02
1.000000000000000000e+03
1.000000000000000000e+03
5.790000000000000000e+02
6.220000000000000000e+02
1.000000000000000000e+03
2.430000000000000000e+02
2.050000000000000000e+02
3.290000000000000000e+02
1.000000000000000000e+03
2.390000000000000000e+02
1.000000000000000000e+03
2.090000000000000000e+02
1.000000000000000000e+03
5.700000000000000000e+02
1.000000000000000000e+03
1.000000000000000000e+03
8.240000000000000000e+02
1.000000000000000000e+03
1.890000000000000000e+02
1.000000000000000000e+03
2.040000000000000000e+02
1.000000000000000000e+03
1.000000000000000000e+03
1.000000000000000000e+03
2.330000000000000000e+02
2.640000000000000000e+02
1.000000000000000000e+03
1.000000000000000000e+03
1.000000000000000000e+03
1.000000000000000000e+03
5.450000000000000000e+02
1.000000000000000000e+03
1.000000000000000000e+03
3.160000000000000000e+02
2.860000000000000000e+02
7.230000000000000000e+02
1.000000000000000000e+03
1.000000000000000000e+03
4.110000000000000000e+02
2.610000000000000000e+02
1.000000000000000000e+03
1.000000000000000000e+03
1.000000000000000000e+03
1.000000000000000000e+03
1.000000000000000000e+03
2.090000000000000000e+02
1.000000000000000000e+03
3.140000000000000000e+02
2.610000000000000000e+02
4.430000000000000000e+02
1.000000000000000000e+03
1.000000000000000000e+03
1.000000000000000000e+03
1.000000000000000000e+03
1.000000000000000000e+03
4.430000000000000000e+02
1.000000000000000000e+03
1.000000000000000000e+03
2.210000000000000000e+02
1.000000000000000000e+03
1.000000000000000000e+03
1.000000000000000000e+03
2.750000000000000000e+02
1.000000000000000000e+03
1.000000000000000000e+03
2.830000000000000000e+02
1.000000000000000000e+03
1.880000000000000000e+02
1.000000000000000000e+03
1.000000000000000000e+03
2.570000000000000000e+02
1.970000000000000000e+02
1.000000000000000000e+03
3.210000000000000000e+02
3.830000000000000000e+02
1.870000000000000000e+02
1.000000000000000000e+03
2.180000000000000000e+02
3.030000000000000000e+02
1.000000000000000000e+03
1.000000000000000000e+03
1.000000000000000000e+03
1.740000000000000000e+02
1.000000000000000000e+03
1.000000000000000000e+03
1.500000000000000000e+02
1.000000000000000000e+03
1.000000000000000000e+03
1.000000000000000000e+03
1.000000000000000000e+03
3.000000000000000000e+02
1.000000000000000000e+03
4.120000000000000000e+02
1.000000000000000000e+03
1.000000000000000000e+03
1.000000000000000000e+03
1.000000000000000000e+03
1.000000000000000000e+03
1.000000000000000000e+03
1.000000000000000000e+03
2.800000000000000000e+02
1.000000000000000000e+03
1.000000000000000000e+03
2.200000000000000000e+02
3.460000000000000000e+02
1.000000000000000000e+03
3.360000000000000000e+02
1.000000000000000000e+03
1.000000000000000000e+03
1.000000000000000000e+03
1.000000000000000000e+03
1.000000000000000000e+03
2.020000000000000000e+02
1.000000000000000000e+03
1.000000000000000000e+03
1.000000000000000000e+03
4.800000000000000000e+02
1.000000000000000000e+03
1.000000000000000000e+03
1.000000000000000000e+03
3.300000000000000000e+02
4.440000000000000000e+02
1.000000000000000000e+03
2.560000000000000000e+02
1.000000000000000000e+03
1.000000000000000000e+03
1.000000000000000000e+03
1.000000000000000000e+03
1.000000000000000000e+03
1.000000000000000000e+03
1.000000000000000000e+03
1.000000000000000000e+03
1.000000000000000000e+03
4.570000000000000000e+02
1.000000000000000000e+03
1.240000000000000000e+02
3.150000000000000000e+02
7.330000000000000000e+02
1.000000000000000000e+03
2.770000000000000000e+02
3.440000000000000000e+02
5.020000000000000000e+02
1.000000000000000000e+03
1.000000000000000000e+03
6.000000000000000000e+02
1.000000000000000000e+03
1.000000000000000000e+03
1.000000000000000000e+03
1.000000000000000000e+03
2.340000000000000000e+02
2.760000000000000000e+02
1.000000000000000000e+03
2.660000000000000000e+02
1.000000000000000000e+03
9.220000000000000000e+02
3.730000000000000000e+02
1.000000000000000000e+03
2.400000000000000000e+02
1.000000000000000000e+03
2.510000000000000000e+02
1.000000000000000000e+03
1.890000000000000000e+02
3.730000000000000000e+02
1.000000000000000000e+03
3.050000000000000000e+02
1.000000000000000000e+03
1.000000000000000000e+03
1.000000000000000000e+03
1.000000000000000000e+03
1.000000000000000000e+03
1.000000000000000000e+03
5.210000000000000000e+02
2.190000000000000000e+02
3.330000000000000000e+02
1.000000000000000000e+03
1.000000000000000000e+03
1.000000000000000000e+03
1.000000000000000000e+03
5.930000000000000000e+02
1.000000000000000000e+03
6.690000000000000000e+02
1.000000000000000000e+03
8.190000000000000000e+02
1.000000000000000000e+03
1.000000000000000000e+03
1.000000000000000000e+03
1.000000000000000000e+03
1.000000000000000000e+03
1.000000000000000000e+03
4.580000000000000000e+02
1.000000000000000000e+03
1.000000000000000000e+03
2.550000000000000000e+02
1.000000000000000000e+03
5.120000000000000000e+02
4.830000000000000000e+02
4.300000000000000000e+02
2.600000000000000000e+02
1.000000000000000000e+03
1.000000000000000000e+03
1.000000000000000000e+03
1.000000000000000000e+03
1.000000000000000000e+03
1.000000000000000000e+03
3.240000000000000000e+02
1.000000000000000000e+03
2.560000000000000000e+02
2.020000000000000000e+02
2.070000000000000000e+02
1.000000000000000000e+03
1.000000000000000000e+03
1.000000000000000000e+03
1.000000000000000000e+03
1.860000000000000000e+02
1.000000000000000000e+03
1.860000000000000000e+02
2.040000000000000000e+02
5.010000000000000000e+02
1.000000000000000000e+03
1.000000000000000000e+03
1.000000000000000000e+03
1.000000000000000000e+03
2.890000000000000000e+02
2.260000000000000000e+02
3.600000000000000000e+02
1.000000000000000000e+03
1.000000000000000000e+03
1.000000000000000000e+03
2.040000000000000000e+02
4.230000000000000000e+02
2.560000000000000000e+02
1.000000000000000000e+03
1.000000000000000000e+03
1.000000000000000000e+03
4.260000000000000000e+02
1.000000000000000000e+03
1.000000000000000000e+03
2.590000000000000000e+02
2.340000000000000000e+02
1.000000000000000000e+03
2.820000000000000000e+02
3.650000000000000000e+02
2.190000000000000000e+02
1.000000000000000000e+03
1.000000000000000000e+03
1.000000000000000000e+03
2.110000000000000000e+02
1.000000000000000000e+03
1.000000000000000000e+03
3.100000000000000000e+02
1.660000000000000000e+02
2.780000000000000000e+02
2.420000000000000000e+02
1.960000000000000000e+02
2.760000000000000000e+02
1.000000000000000000e+03
4.200000000000000000e+02
1.940000000000000000e+02
2.470000000000000000e+02
1.000000000000000000e+03
1.000000000000000000e+03
1.000000000000000000e+03
1.000000000000000000e+03
1.000000000000000000e+03
1.000000000000000000e+03
1.000000000000000000e+03
1.000000000000000000e+03
1.000000000000000000e+03
1.000000000000000000e+03
1.790000000000000000e+02
2.150000000000000000e+02
3.260000000000000000e+02
3.130000000000000000e+02
1.000000000000000000e+03
3.600000000000000000e+02
1.000000000000000000e+03
8.600000000000000000e+02
1.000000000000000000e+03
2.150000000000000000e+02
1.000000000000000000e+03
1.000000000000000000e+03
1.000000000000000000e+03
1.000000000000000000e+03
1.000000000000000000e+03
1.000000000000000000e+03
4.320000000000000000e+02
1.000000000000000000e+03
1.000000000000000000e+03
1.000000000000000000e+03
1.000000000000000000e+03
5.960000000000000000e+02
1.000000000000000000e+03
1.000000000000000000e+03
2.030000000000000000e+02
1.000000000000000000e+03
1.000000000000000000e+03
2.480000000000000000e+02
5.730000000000000000e+02
1.000000000000000000e+03
1.000000000000000000e+03
2.950000000000000000e+02
1.000000000000000000e+03
1.000000000000000000e+03
1.000000000000000000e+03
1.000000000000000000e+03
1.000000000000000000e+03
1.000000000000000000e+03
2.650000000000000000e+02
2.970000000000000000e+02
6.270000000000000000e+02
1.000000000000000000e+03
1.000000000000000000e+03
1.000000000000000000e+03
1.000000000000000000e+03
1.000000000000000000e+03
1.000000000000000000e+03
1.000000000000000000e+03
3.210000000000000000e+02
1.000000000000000000e+03
4.520000000000000000e+02
1.000000000000000000e+03
8.130000000000000000e+02
1.000000000000000000e+03
1.000000000000000000e+03
1.810000000000000000e+02
1.000000000000000000e+03
1.000000000000000000e+03
7.340000000000000000e+02
5.950000000000000000e+02
3.260000000000000000e+02
2.550000000000000000e+02
2.290000000000000000e+02
1.000000000000000000e+03
2.350000000000000000e+02
1.000000000000000000e+03
1.000000000000000000e+03
2.310000000000000000e+02
1.000000000000000000e+03
1.000000000000000000e+03
1.000000000000000000e+03
1.000000000000000000e+03
2.440000000000000000e+02
1.000000000000000000e+03
1.000000000000000000e+03
1.000000000000000000e+03
1.000000000000000000e+03
1.000000000000000000e+03
1.000000000000000000e+03
1.940000000000000000e+02
1.000000000000000000e+03
1.000000000000000000e+03
1.000000000000000000e+03
1.000000000000000000e+03
3.710000000000000000e+02
1.000000000000000000e+03
1.000000000000000000e+03
1.000000000000000000e+03
9.630000000000000000e+02
1.000000000000000000e+03
1.000000000000000000e+03
1.000000000000000000e+03
1.000000000000000000e+03
2.070000000000000000e+02
7.530000000000000000e+02
1.000000000000000000e+03
1.000000000000000000e+03
2.210000000000000000e+02
3.930000000000000000e+02
1.000000000000000000e+03
1.000000000000000000e+03
1.000000000000000000e+03
1.000000000000000000e+03
2.950000000000000000e+02
3.200000000000000000e+02
1.000000000000000000e+03
1.000000000000000000e+03
1.000000000000000000e+03
1.000000000000000000e+03
1.000000000000000000e+03
1.000000000000000000e+03
1.000000000000000000e+03
5.290000000000000000e+02
1.000000000000000000e+03
1.000000000000000000e+03
2.930000000000000000e+02
3.620000000000000000e+02
1.000000000000000000e+03
2.060000000000000000e+02
2.590000000000000000e+02
1.000000000000000000e+03
1.000000000000000000e+03
1.000000000000000000e+03
1.000000000000000000e+03
1.000000000000000000e+03
1.000000000000000000e+03
1.000000000000000000e+03
2.030000000000000000e+02
3.540000000000000000e+02
1.000000000000000000e+03
1.000000000000000000e+03
1.000000000000000000e+03
1.000000000000000000e+03
1.000000000000000000e+03
1.000000000000000000e+03
1.000000000000000000e+03
1.000000000000000000e+03
3.260000000000000000e+02
1.000000000000000000e+03
1.000000000000000000e+03
1.000000000000000000e+03
6.860000000000000000e+02
2.520000000000000000e+02
1.000000000000000000e+03
1.000000000000000000e+03
1.000000000000000000e+03
2.500000000000000000e+02
1.000000000000000000e+03
2.500000000000000000e+02
1.000000000000000000e+03
2.950000000000000000e+02
2.550000000000000000e+02
1.000000000000000000e+03
1.000000000000000000e+03
1.000000000000000000e+03
1.000000000000000000e+03
2.080000000000000000e+02
1.000000000000000000e+03
1.000000000000000000e+03
1.000000000000000000e+03
3.560000000000000000e+02
1.000000000000000000e+03
1.000000000000000000e+03
1.000000000000000000e+03
1.000000000000000000e+03
1.000000000000000000e+03
1.000000000000000000e+03
1.000000000000000000e+03
3.560000000000000000e+02
2.290000000000000000e+02
1.000000000000000000e+03
1.000000000000000000e+03
6.020000000000000000e+02
1.000000000000000000e+03
1.000000000000000000e+03
2.830000000000000000e+02
3.920000000000000000e+02
1.000000000000000000e+03
1.000000000000000000e+03
2.780000000000000000e+02
1.000000000000000000e+03
1.000000000000000000e+03
3.430000000000000000e+02
7.060000000000000000e+02
4.720000000000000000e+02
8.880000000000000000e+02
4.370000000000000000e+02
2.040000000000000000e+02
1.000000000000000000e+03
6.440000000000000000e+02
4.810000000000000000e+02
1.000000000000000000e+03
3.380000000000000000e+02
1.570000000000000000e+02
1.000000000000000000e+03
1.000000000000000000e+03
1.000000000000000000e+03
1.000000000000000000e+03
4.830000000000000000e+02
1.930000000000000000e+02
1.000000000000000000e+03
1.000000000000000000e+03
9.760000000000000000e+02
1.000000000000000000e+03
1.000000000000000000e+03
8.340000000000000000e+02
1.000000000000000000e+03
1.000000000000000000e+03
7.960000000000000000e+02
1.000000000000000000e+03
2.480000000000000000e+02
1.000000000000000000e+03
1.000000000000000000e+03
1.000000000000000000e+03
1.000000000000000000e+03
1.000000000000000000e+03
1.000000000000000000e+03
1.000000000000000000e+03
5.700000000000000000e+02
2.620000000000000000e+02
3.620000000000000000e+02
1.000000000000000000e+03
1.000000000000000000e+03
3.020000000000000000e+02
2.970000000000000000e+02
1.000000000000000000e+03
2.800000000000000000e+02
1.000000000000000000e+03
1.000000000000000000e+03
1.000000000000000000e+03
1.000000000000000000e+03
1.000000000000000000e+03
1.000000000000000000e+03
1.000000000000000000e+03
1.000000000000000000e+03
1.980000000000000000e+02
1.000000000000000000e+03
1.700000000000000000e+02
1.000000000000000000e+03
1.000000000000000000e+03
1.000000000000000000e+03
3.150000000000000000e+02
3.510000000000000000e+02
1.000000000000000000e+03
1.000000000000000000e+03
3.700000000000000000e+02
1.000000000000000000e+03
3.310000000000000000e+02
3.340000000000000000e+02
1.000000000000000000e+03
1.000000000000000000e+03
1.000000000000000000e+03
3.220000000000000000e+02
1.000000000000000000e+03
1.000000000000000000e+03
1.000000000000000000e+03
1.000000000000000000e+03
1.000000000000000000e+03
8.260000000000000000e+02
2.140000000000000000e+02
2.590000000000000000e+02
1.000000000000000000e+03
2.460000000000000000e+02
1.000000000000000000e+03
2.000000000000000000e+02
1.000000000000000000e+03
3.010000000000000000e+02
1.000000000000000000e+03
1.000000000000000000e+03
1.000000000000000000e+03
1.000000000000000000e+03
1.000000000000000000e+03
2.510000000000000000e+02
3.520000000000000000e+02
2.080000000000000000e+02
1.000000000000000000e+03
1.000000000000000000e+03
1.000000000000000000e+03
9.700000000000000000e+02
1.000000000000000000e+03
4.770000000000000000e+02
2.160000000000000000e+02
1.000000000000000000e+03
1.000000000000000000e+03
1.000000000000000000e+03
2.400000000000000000e+02
1.930000000000000000e+02
2.070000000000000000e+02
1.800000000000000000e+02
1.000000000000000000e+03
1.920000000000000000e+02
1.000000000000000000e+03
2.220000000000000000e+02
1.000000000000000000e+03
1.000000000000000000e+03
2.300000000000000000e+02
3.480000000000000000e+02
1.000000000000000000e+03
1.000000000000000000e+03
2.350000000000000000e+02
1.000000000000000000e+03
7.940000000000000000e+02
2.630000000000000000e+02
7.650000000000000000e+02
1.000000000000000000e+03
1.000000000000000000e+03
1.880000000000000000e+02
2.540000000000000000e+02
1.000000000000000000e+03
3.060000000000000000e+02
2.930000000000000000e+02
1.000000000000000000e+03
1.000000000000000000e+03
1.000000000000000000e+03
1.000000000000000000e+03
2.320000000000000000e+02
1.000000000000000000e+03
7.400000000000000000e+02
2.920000000000000000e+02
1.870000000000000000e+02
1.000000000000000000e+03
1.000000000000000000e+03
1.000000000000000000e+03
2.240000000000000000e+02
1.000000000000000000e+03
1.000000000000000000e+03
1.000000000000000000e+03
3.120000000000000000e+02
3.390000000000000000e+02
1.000000000000000000e+03
1.000000000000000000e+03
1.000000000000000000e+03
1.000000000000000000e+03
1.000000000000000000e+03
1.000000000000000000e+03
4.010000000000000000e+02
2.930000000000000000e+02
2.380000000000000000e+02
1.000000000000000000e+03
4.670000000000000000e+02
1.000000000000000000e+03
1.000000000000000000e+03
1.000000000000000000e+03
2.810000000000000000e+02
1.000000000000000000e+03
1.000000000000000000e+03
1.000000000000000000e+03
1.000000000000000000e+03
1.000000000000000000e+03
1.000000000000000000e+03
2.450000000000000000e+02
3.250000000000000000e+02
1.000000000000000000e+03
2.670000000000000000e+02
1.000000000000000000e+03
1.000000000000000000e+03
1.000000000000000000e+03
1.000000000000000000e+03
2.350000000000000000e+02
1.000000000000000000e+03
1.000000000000000000e+03
1.000000000000000000e+03
1.000000000000000000e+03
1.000000000000000000e+03
4.810000000000000000e+02
1.000000000000000000e+03
2.960000000000000000e+02
1.000000000000000000e+03
2.520000000000000000e+02
1.000000000000000000e+03
1.000000000000000000e+03
1.000000000000000000e+03
2.670000000000000000e+02
2.130000000000000000e+02
1.000000000000000000e+03
1.000000000000000000e+03
1.000000000000000000e+03
1.000000000000000000e+03
1.000000000000000000e+03
1.000000000000000000e+03
1.000000000000000000e+03
1.000000000000000000e+03
1.000000000000000000e+03
1.000000000000000000e+03
1.000000000000000000e+03
1.000000000000000000e+03
1.800000000000000000e+02
2.180000000000000000e+02
2.370000000000000000e+02
1.000000000000000000e+03
3.790000000000000000e+02
1.000000000000000000e+03
1.000000000000000000e+03
1.000000000000000000e+03
2.190000000000000000e+02
1.000000000000000000e+03
1.000000000000000000e+03
1.000000000000000000e+03
4.530000000000000000e+02
8.980000000000000000e+02
1.000000000000000000e+03
1.000000000000000000e+03
3.110000000000000000e+02
1.000000000000000000e+03
1.000000000000000000e+03
1.000000000000000000e+03
1.000000000000000000e+03
1.000000000000000000e+03
1.000000000000000000e+03
1.000000000000000000e+03
1.000000000000000000e+03
1.000000000000000000e+03
1.000000000000000000e+03
1.000000000000000000e+03
2.040000000000000000e+02
3.800000000000000000e+02
3.670000000000000000e+02
1.000000000000000000e+03
1.000000000000000000e+03
1.000000000000000000e+03
1.950000000000000000e+02
1.000000000000000000e+03
2.560000000000000000e+02
3.460000000000000000e+02
1.000000000000000000e+03
1.000000000000000000e+03
1.000000000000000000e+03
1.000000000000000000e+03
1.000000000000000000e+03
2.730000000000000000e+02
1.000000000000000000e+03
1.000000000000000000e+03
1.000000000000000000e+03
1.000000000000000000e+03
2.230000000000000000e+02
1.000000000000000000e+03
1.000000000000000000e+03
1.000000000000000000e+03
2.210000000000000000e+02
1.000000000000000000e+03
1.000000000000000000e+03
1.000000000000000000e+03
1.000000000000000000e+03
1.000000000000000000e+03
2.320000000000000000e+02
2.690000000000000000e+02
3.300000000000000000e+02
1.860000000000000000e+02
2.250000000000000000e+02
7.910000000000000000e+02
1.000000000000000000e+03
4.580000000000000000e+02
1.000000000000000000e+03
1.000000000000000000e+03
4.460000000000000000e+02
2.520000000000000000e+02
1.000000000000000000e+03
3.020000000000000000e+02
1.000000000000000000e+03
3.690000000000000000e+02
1.000000000000000000e+03
2.230000000000000000e+02
5.130000000000000000e+02
1.000000000000000000e+03
2.390000000000000000e+02
1.000000000000000000e+03
4.440000000000000000e+02
1.000000000000000000e+03
1.000000000000000000e+03
1.000000000000000000e+03
1.000000000000000000e+03
1.000000000000000000e+03
1.000000000000000000e+03
3.520000000000000000e+02
1.000000000000000000e+03
1.000000000000000000e+03
1.000000000000000000e+03
3.480000000000000000e+02
8.260000000000000000e+02
5.480000000000000000e+02
5.310000000000000000e+02
7.890000000000000000e+02
1.000000000000000000e+03
1.000000000000000000e+03
3.380000000000000000e+02
6.660000000000000000e+02
1.000000000000000000e+03
1.000000000000000000e+03
1.000000000000000000e+03
1.000000000000000000e+03
1.000000000000000000e+03
1.000000000000000000e+03
2.930000000000000000e+02
3.510000000000000000e+02
1.000000000000000000e+03
1.000000000000000000e+03
1.860000000000000000e+02
1.000000000000000000e+03
1.000000000000000000e+03
6.310000000000000000e+02
1.000000000000000000e+03
1.000000000000000000e+03
3.120000000000000000e+02
1.000000000000000000e+03
4.120000000000000000e+02
7.390000000000000000e+02
1.000000000000000000e+03
1.000000000000000000e+03
1.000000000000000000e+03
4.590000000000000000e+02
1.960000000000000000e+02
4.380000000000000000e+02
1.000000000000000000e+03
1.000000000000000000e+03
1.000000000000000000e+03
1.000000000000000000e+03
1.000000000000000000e+03
2.170000000000000000e+02
1.000000000000000000e+03
1.000000000000000000e+03
3.300000000000000000e+02
1.000000000000000000e+03
2.410000000000000000e+02
1.000000000000000000e+03
6.520000000000000000e+02
1.000000000000000000e+03
1.000000000000000000e+03
1.000000000000000000e+03
1.000000000000000000e+03
1.000000000000000000e+03
3.730000000000000000e+02
1.000000000000000000e+03
1.000000000000000000e+03
1.000000000000000000e+03
1.000000000000000000e+03
3.200000000000000000e+02
1.000000000000000000e+03
3.910000000000000000e+02
2.570000000000000000e+02
1.000000000000000000e+03
2.230000000000000000e+02
2.730000000000000000e+02
1.000000000000000000e+03
1.000000000000000000e+03
2.410000000000000000e+02
1.000000000000000000e+03
1.000000000000000000e+03
5.320000000000000000e+02
1.000000000000000000e+03
4.850000000000000000e+02
2.020000000000000000e+02
1.850000000000000000e+02
1.000000000000000000e+03
1.000000000000000000e+03
1.000000000000000000e+03
1.000000000000000000e+03
4.370000000000000000e+02
1.000000000000000000e+03
1.000000000000000000e+03
1.000000000000000000e+03
1.000000000000000000e+03
2.540000000000000000e+02
1.000000000000000000e+03
1.000000000000000000e+03
8.080000000000000000e+02
3.510000000000000000e+02
1.000000000000000000e+03
1.000000000000000000e+03
1.000000000000000000e+03
2.330000000000000000e+02
1.000000000000000000e+03
1.000000000000000000e+03
4.420000000000000000e+02
3.260000000000000000e+02
1.000000000000000000e+03
1.000000000000000000e+03
