3.000000000000000888e+00
1.600000000000000089e+00
-8.999999999999999112e-01
1.199999999999999734e+00
-6.999999999999997335e-01
-1.399999999999999911e+00
-1.500000000000000222e+00
-3.900000000000001688e+00
-1.942890293094023946e-16
-2.600000000000000977e+00
2.300000000000001155e+00
1.400000000000000133e+00
-6.699999999999992184e+00
-2.999999999999998224e-01
3.600000000000001421e+00
1.199999999999999734e+00
-8.999999999999996891e-01
4.400000000000000355e+00
-7.999999999999997113e-01
-8.999999999999999112e-01
5.599999999999996092e+00
-2.000000000000000389e-01
1.000000000000002554e-01
1.600000000000000977e+00
-5.000000000000003331e-01
1.500000000000000000e+00
4.000000000000001776e+00
-2.900000000000001243e+00
1.300000000000000178e+01
-5.000000000000002220e-01
1.199999999999999956e+00
6.999999999999992895e-01
2.400000000000000355e+00
6.199999999999993960e+00
1.600000000000000089e+00
5.999999999999997558e-01
-4.000000000000000222e-01
-9.999999999999964473e-02
1.600000000000000311e+00
2.100000000000000533e+00
4.100000000000001421e+00
2.500000000000000444e+00
3.400000000000001243e+00
3.300000000000001155e+00
-3.600000000000001421e+00
-1.700000000000000178e+00
-1.999999999999998168e-01
-1.900000000000000355e+00
1.600000000000000089e+00
1.430000000000000071e+01
3.300000000000001155e+00
-2.100000000000000533e+00
1.200000000000000400e+00
4.000000000000001776e+00
1.700000000000000178e+00
4.300000000000000711e+00
8.999999999999996891e-01
4.899999999999998579e+00
1.900000000000000355e+00
-7.000000000000001776e-01
2.100000000000000533e+00
1.699999999999999734e+00
3.000000000000000888e+00
2.600000000000000977e+00
1.100000000000000000e+01
4.599999999999999645e+00
5.000000000000000000e-01
-1.400000000000000133e+00
9.000000000000001332e-01
-1.299999999999999822e+00
-6.999999999999999556e-01
1.999999999999999833e-01
-1.999999999999993727e-01
2.200000000000000178e+00
-9.999999999999975575e-02
-1.999999999999997613e-01
1.700000000000000400e+00
2.300000000000000711e+00
9.999999999999998890e-01
2.999999999999998224e-01
1.150000000000000000e+01
4.799999999999998934e+00
-3.000000000000002109e-01
3.300000000000001155e+00
-1.900000000000000355e+00
3.700000000000001510e+00
9.999999999999981126e-02
3.500000000000001332e+00
1.800000000000000933e+00
-5.999999999999999778e-01
4.899999999999998579e+00
8.999999999999996891e-01
2.900000000000000799e+00
1.330000000000000071e+01
-2.000000000000000444e+00
-2.300000000000000711e+00
-5.999999999999997558e-01
1.800000000000000266e+00
2.300000000000000266e+00
-2.800000000000001155e+00
-7.999999999999999334e-01
1.100000000000000089e+00
-2.000000000000000444e+00
-2.900000000000001243e+00
7.000000000000001776e-01
-2.900000000000000799e+00
2.100000000000000533e+00
2.700000000000000622e+00
1.400000000000000133e+00
-8.000000000000005995e-01
5.000000000000003331e-01
1.399999999999999467e+00
1.299999999999999822e+00
4.200000000000001066e+00
1.500000000000000000e+00
2.100000000000000533e+00
3.800000000000001599e+00
1.599999999999999645e+00
-7.000000000000002887e-01
2.700000000000001066e+00
3.000000000000002109e-01
5.099999999999997868e+00
1.800000000000000266e+00
2.700000000000001066e+00
2.900000000000000799e+00
3.200000000000001510e+00
1.479999999999999893e+01
6.499999999999992895e+00
4.200000000000001066e+00
3.800000000000002043e+00
3.700000000000001510e+00
1.180000000000000071e+01
-2.500000000000001332e+00
1.900000000000000355e+00
4.000000000000000222e-01
-1.000000000000003664e-01
-3.000000000000000888e+00
3.000000000000001332e+00
4.599999999999999645e+00
4.000000000000001332e-01
2.500000000000000444e+00
-1.200000000000000400e+00
2.200000000000000178e+00
4.999999999999997780e-01
1.800000000000000488e+00
6.099999999999994316e+00
-2.999999999999997113e-01
3.500000000000001776e+00
-1.599999999999999645e+00
-1.500000000000000222e+00
-5.999999999999997558e-01
7.999999999999997113e-01
3.100000000000001421e+00
-1.999999999999998168e-01
5.199999999999997513e+00
3.100000000000001421e+00
1.190000000000000036e+01
3.400000000000001243e+00
-2.000000000000002054e-01
2.900000000000000799e+00
-5.000000000000002220e-01
4.999999999999997780e-01
2.600000000000000533e+00
1.199999999999999956e+00
-3.000000000000003775e-01
5.499999999999996447e+00
-1.900000000000000355e+00
2.600000000000000977e+00
3.999999999999992450e-01
1.190000000000000036e+01
4.000000000000000222e-01
3.200000000000001066e+00
-9.000000000000001332e-01
-1.500000000000000000e+00
-1.800000000000000266e+00
-4.899999999999998579e+00
2.999999999999998224e-01
-1.299999999999999822e+00
3.200000000000001066e+00
4.000000000000001776e+00
3.800000000000001599e+00
1.500000000000000000e+00
9.999999999999996669e-01
4.899999999999998579e+00
2.000000000000000000e+00
2.700000000000001066e+00
6.299999999999993605e+00
1.270000000000000107e+01
-2.775557561562891351e-17
3.500000000000001776e+00
2.500000000000000444e+00
2.000000000000000444e+00
-1.099999999999999867e+00
-7.999999999999999334e-01
5.699999999999995737e+00
6.799999999999991829e+00
3.999999999999998002e-01
2.500000000000000444e+00
1.000000000000000000e+01
2.700000000000001066e+00
1.600000000000000089e+00
2.100000000000000533e+00
4.100000000000001421e+00
1.000000000000000333e-01
9.999999999999992228e-01
1.199999999999999734e+00
6.299999999999993605e+00
3.900000000000002576e+00
3.100000000000001421e+00
6.199999999999993960e+00
-4.000000000000000222e-01
1.800000000000000266e+00
1.390000000000000213e+01
1.420000000000000107e+01
3.200000000000001510e+00
5.599999999999996092e+00
1.030000000000000071e+01
2.400000000000000799e+00
-1.942890293094023946e-16
6.099999999999994316e+00
3.500000000000001776e+00
-9.999999999999997780e-02
2.400000000000000355e+00
4.599999999999999645e+00
5.199999999999997513e+00
1.800000000000000266e+00
1.030000000000000071e+01
4.799999999999998934e+00
-2.000000000000000444e+00
1.450000000000000000e+01
-3.400000000000001243e+00
1.000000000000000333e-01
-2.999999999999998224e-01
6.000000000000001998e-01
1.030000000000000071e+01
6.999999999999997335e-01
-1.099999999999999867e+00
2.400000000000000799e+00
4.599999999999999645e+00
1.400000000000000133e+00
2.800000000000000711e+00
1.199999999999999734e+00
2.200000000000000622e+00
1.130000000000000071e+01
6.399999999999993250e+00
5.999999999999997558e-01
6.199999999999993960e+00
1.999999999999998168e-01
5.799999999999995381e+00
1.699999999999999734e+00
-6.000000000000001998e-01
1.500000000000000000e+00
4.000000000000001776e+00
2.300000000000000711e+00
7.999999999999997113e-01
-1.000000000000002554e-01
1.009999999999999964e+01
-4.000000000000002442e-01
4.000000000000000222e-01
2.900000000000001243e+00
1.569999999999999574e+01
1.600000000000000089e+00
7.799999999999988276e+00
1.090000000000000036e+01
3.900000000000001688e+00
2.800000000000000711e+00
4.400000000000000355e+00
2.500000000000000444e+00
3.100000000000000977e+00
4.899999999999998579e+00
-1.100000000000000311e+00
1.999999999999998168e-01
6.499999999999992895e+00
4.500000000000000000e+00
2.700000000000000622e+00
1.270000000000000107e+01
4.999999999999998224e+00
3.100000000000001421e+00
-9.999999999999996669e-01
1.500000000000000000e+00
2.100000000000000533e+00
3.300000000000001155e+00
1.000000000000000333e-01
1.509999999999999787e+01
-1.099999999999999645e+00
2.300000000000000711e+00
6.199999999999993960e+00
-2.700000000000001066e+00
3.500000000000001332e+00
1.629999999999999361e+01
1.450000000000000000e+01
1.300000000000000178e+01
4.200000000000001066e+00
1.999999999999999278e-01
-1.800000000000000933e+00
7.299999999999990052e+00
5.899999999999995026e+00
1.390000000000000213e+01
1.059999999999999964e+01
2.800000000000000711e+00
-2.999999999999997113e-01
1.599999999999999645e+00
6.199999999999993960e+00
4.000000000000001776e+00
9.199999999999983302e+00
8.699999999999985079e+00
1.779999999999999005e+01
1.459999999999999964e+01
5.099999999999997868e+00
4.200000000000001066e+00
6.599999999999992539e+00
1.300000000000000178e+01
-5.000000000000003331e-01
-3.000000000000006550e-01
1.119999999999999929e+01
-1.399999999999999911e+00
1.059999999999999964e+01
-1.500000000000000222e+00
3.700000000000001510e+00
4.300000000000000711e+00
2.400000000000000799e+00
1.800000000000000266e+00
6.999999999999999556e-01
-2.800000000000001155e+00
1.199999999999999734e+00
4.500000000000000000e+00
5.399999999999996803e+00
1.509999999999999787e+01
5.599999999999996092e+00
3.500000000000002220e+00
2.500000000000000888e+00
-1.000000000000001443e-01
1.839999999999998437e+01
1.270000000000000107e+01
5.299999999999997158e+00
4.100000000000001421e+00
1.300000000000000044e+00
2.900000000000000799e+00
1.900000000000000355e+00
5.000000000000000000e-01
5.999999999999996447e-01
4.899999999999998579e+00
1.700000000000000178e+00
2.900000000000000799e+00
2.400000000000000355e+00
1.000000000000001998e-01
-9.999999999999992228e-01
1.390000000000000213e+01
2.900000000000001243e+00
-1.000000000000000333e-01
1.390000000000000213e+01
1.500000000000000000e+00
3.500000000000001776e+00
1.600000000000000089e+00
5.699999999999995737e+00
2.000000000000000444e+00
-2.200000000000000178e+00
1.500000000000000000e+00
1.099999999999999867e+00
1.330000000000000071e+01
5.599999999999996092e+00
4.699999999999999289e+00
2.800000000000001155e+00
4.699999999999999289e+00
3.100000000000000977e+00
1.370000000000000284e+01
1.539999999999999680e+01
5.099999999999997868e+00
1.030000000000000071e+01
1.500000000000000222e+00
-5.999999999999996447e-01
4.000000000000000222e-01
-3.000000000000001332e+00
4.000000000000001776e+00
1.390000000000000213e+01
2.700000000000000622e+00
1.330000000000000071e+01
2.400000000000000355e+00
5.999999999999999778e-01
3.800000000000001599e+00
2.999999999999998224e-01
-1.000000000000001998e-01
1.190000000000000036e+01
3.700000000000001510e+00
7.999999999999999334e-01
-8.999999999999996891e-01
5.499999999999996447e+00
1.900000000000000355e+00
-3.000000000000006550e-01
-2.775557561562891351e-17
2.000000000000000389e-01
-1.900000000000000355e+00
-1.199999999999999956e+00
-4.000000000000006883e-01
9.199999999999983302e+00
1.270000000000000107e+01
3.200000000000001066e+00
1.210000000000000142e+01
5.799999999999995381e+00
5.999999999999994671e+00
1.280000000000000071e+01
1.900000000000000355e+00
-5.000000000000007772e-01
1.240000000000000036e+01
3.100000000000001421e+00
3.700000000000001510e+00
1.000000000000000333e-01
-8.999999999999999112e-01
9.999999999999981126e-02
1.719999999999998863e+01
2.800000000000001155e+00
6.099999999999994316e+00
-5.999999999999997558e-01
1.300000000000000178e+01
-9.999999999999997780e-02
3.100000000000000977e+00
3.300000000000001599e+00
3.300000000000001599e+00
2.100000000000000089e+00
5.999999999999999778e-01
1.059999999999999964e+01
5.699999999999995737e+00
1.040000000000000036e+01
-1.400000000000000133e+00
2.000000000000000444e+00
1.210000000000000142e+01
7.999999999999999334e-01
4.400000000000000355e+00
5.499999999999996447e+00
2.100000000000000533e+00
1.090000000000000036e+01
1.479999999999999893e+01
-1.300000000000000044e+00
9.999999999999986677e-02
4.599999999999999645e+00
4.100000000000001421e+00
3.500000000000001776e+00
1.030000000000000071e+01
1.669999999999999218e+01
-3.000000000000000444e-01
1.420000000000000107e+01
1.450000000000000000e+01
1.609999999999999432e+01
9.999999999999981126e-02
5.799999999999995381e+00
5.999999999999994671e+00
1.569999999999999574e+01
-1.600000000000000755e+00
1.059999999999999964e+01
4.100000000000001421e+00
5.199999999999997513e+00
2.900000000000001243e+00
1.509999999999999787e+01
1.569999999999999574e+01
1.899999999999999911e+00
1.330000000000000071e+01
4.999999999999998224e+00
2.800000000000000711e+00
5.000000000000003331e-01
-1.600000000000000089e+00
4.599999999999999645e+00
1.749999999999998934e+01
1.569999999999999574e+01
-1.800000000000000488e+00
3.000000000000001332e+00
5.299999999999997158e+00
3.900000000000001688e+00
3.400000000000002132e+00
4.999999999999997780e-01
7.299999999999990052e+00
1.090000000000000036e+01
1.600000000000000089e+00
2.000000000000000444e+00
5.499999999999996447e+00
3.000000000000001332e+00
1.599999999999999645e+00
-3.000000000000000444e-01
2.000000000000000389e-01
-8.999999999999999112e-01
1.509999999999999787e+01
2.000000000000000000e+00
-1.199999999999999956e+00
1.699999999999999289e+01
-1.299999999999999822e+00
1.479999999999999893e+01
1.699999999999999734e+00
1.180000000000000071e+01
4.799999999999998934e+00
1.629999999999999361e+01
1.360000000000000142e+01
4.400000000000000355e+00
1.000000000000000333e-01
-1.500000000000000222e+00
1.500000000000000000e+00
-1.400000000000000577e+00
1.420000000000000107e+01
1.360000000000000142e+01
5.599999999999996092e+00
1.900000000000000577e+00
4.999999999999998224e+00
2.900000000000000799e+00
1.210000000000000142e+01
1.569999999999999574e+01
1.509999999999999787e+01
3.800000000000001599e+00
4.999999999999998224e+00
1.330000000000000071e+01
3.600000000000001421e+00
1.299999999999999822e+00
-1.600000000000000089e+00
1.399999999999999911e+00
1.330000000000000071e+01
1.159999999999999964e+01
1.900000000000000355e+00
5.199999999999998401e+00
1.059999999999999964e+01
1.040000000000000036e+01
5.699999999999995737e+00
-1.099999999999999867e+00
3.400000000000001688e+00
1.479999999999999893e+01
4.100000000000001421e+00
3.700000000000001510e+00
3.600000000000001865e+00
1.360000000000000142e+01
1.090000000000000036e+01
1.119999999999999929e+01
9.999999999999996669e-01
1.340000000000000213e+01
1.420000000000000107e+01
3.100000000000001421e+00
5.999999999999999778e-01
1.509999999999999787e+01
1.100000000000000000e+01
1.699999999999999289e+01
5.899999999999995026e+00
1.390000000000000213e+01
1.310000000000000142e+01
-6.999999999999997335e-01
1.330000000000000071e+01
3.900000000000001688e+00
4.000000000000000222e-01
3.800000000000001599e+00
3.100000000000000977e+00
1.509999999999999787e+01
7.399999999999989697e+00
7.999999999999999334e-01
2.700000000000001066e+00
2.200000000000000622e+00
1.360000000000000142e+01
1.210000000000000142e+01
5.599999999999996092e+00
6.899999999999991473e+00
1.210000000000000142e+01
4.300000000000000711e+00
1.479999999999999893e+01
4.500000000000000000e+00
6.999999999999999556e-01
5.399999999999996803e+00
5.799999999999995381e+00
6.299999999999993605e+00
1.509999999999999787e+01
2.600000000000000533e+00
1.199999999999999734e+00
2.000000000000000000e+00
-2.500000000000000888e+00
1.299999999999999822e+00
2.500000000000000888e+00
1.420000000000000107e+01
1.900000000000000355e+00
4.599999999999999645e+00
4.799999999999998934e+00
1.180000000000000071e+01
3.300000000000001155e+00
-1.199999999999999956e+00
4.899999999999998579e+00
4.000000000000000222e-01
6.099999999999994316e+00
1.599999999999999467e+01
1.500000000000000222e+00
1.479999999999999893e+01
1.150000000000000000e+01
4.200000000000001066e+00
1.360000000000000142e+01
2.900000000000001243e+00
6.399999999999993250e+00
1.509999999999999787e+01
2.000000000000000444e+00
1.599999999999999467e+01
1.300000000000000178e+01
5.499999999999996447e+00
4.000000000000003553e-01
1.479999999999999893e+01
1.390000000000000213e+01
9.000000000000000222e-01
9.999999999999996669e-01
9.999999999999998890e-01
1.009999999999999964e+01
1.900000000000000355e+00
1.040000000000000036e+01
1.989999999999998082e+01
1.629999999999999361e+01
4.999999999999998224e+00
-2.775557561562891351e-17
1.839999999999998437e+01
8.999999999999999112e-01
3.200000000000001066e+00
4.400000000000000355e+00
7.799999999999988276e+00
2.600000000000000977e+00
1.779999999999999005e+01
5.199999999999997513e+00
1.390000000000000213e+01
1.489999999999999858e+01
1.629999999999999361e+01
3.200000000000001510e+00
1.459999999999999964e+01
1.040000000000000036e+01
5.599999999999996092e+00
4.999999999999998224e+00
6.799999999999991829e+00
1.509999999999999787e+01
1.330000000000000071e+01
5.099999999999997868e+00
2.000000000000002054e-01
1.330000000000000071e+01
1.400000000000000178e+01
3.000000000000001332e+00
1.719999999999998863e+01
1.059999999999999964e+01
1.330000000000000071e+01
1.180000000000000071e+01
7.399999999999989697e+00
1.450000000000000000e+01
1.240000000000000036e+01
4.599999999999999645e+00
1.569999999999999574e+01
3.000000000000000444e-01
8.999999999999996891e-01
3.900000000000001688e+00
8.999999999999999112e-01
3.800000000000001599e+00
1.400000000000000577e+00
1.800000000000000266e+00
5.099999999999997868e+00
-1.300000000000000044e+00
5.199999999999997513e+00
1.509999999999999787e+01
1.479999999999999893e+01
2.200000000000000622e+00
1.420000000000000107e+01
1.099999999999999867e+00
1.450000000000000000e+01
5.199999999999998401e+00
1.450000000000000000e+01
3.200000000000001066e+00
1.509999999999999787e+01
1.629999999999999361e+01
1.300000000000000178e+01
3.800000000000001599e+00
9.999999999999997780e-02
6.899999999999991473e+00
1.420000000000000107e+01
5.499999999999996447e+00
6.000000000000001998e-01
3.400000000000002132e+00
1.939999999999998437e+01
1.420000000000000107e+01
-2.000000000000002054e-01
3.300000000000001155e+00
1.330000000000000071e+01
1.299999999999999378e+00
6.299999999999993605e+00
5.499999999999996447e+00
1.000000000000000000e+01
3.300000000000001599e+00
1.689999999999999147e+01
1.270000000000000107e+01
1.569999999999999574e+01
1.360000000000000142e+01
1.300000000000000178e+01
4.699999999999999289e+00
3.900000000000002576e+00
1.450000000000000000e+01
-2.100000000000000533e+00
1.729999999999999005e+01
-1.199999999999999734e+00
4.100000000000001421e+00
1.799999999999999822e+00
1.450000000000000000e+01
2.800000000000001155e+00
1.450000000000000000e+01
1.509999999999999787e+01
1.360000000000000142e+01
1.000000000000000000e+01
1.030000000000000071e+01
1.090000000000000036e+01
3.400000000000001243e+00
3.800000000000001599e+00
5.899999999999995026e+00
5.299999999999997158e+00
1.629999999999999361e+01
1.000000000000000000e+01
5.199999999999997513e+00
1.199999999999999289e+00
1.360000000000000142e+01
1.900000000000000355e+00
6.999999999999999556e-01
7.199999999999990408e+00
1.300000000000000266e+00
1.899999999999998579e+01
1.509999999999999787e+01
3.300000000000001155e+00
1.330000000000000071e+01
-7.999999999999992673e-01
3.600000000000001421e+00
1.959999999999998010e+01
3.500000000000001332e+00
1.390000000000000213e+01
1.150000000000000000e+01
1.030000000000000071e+01
3.900000000000001688e+00
1.500000000000000000e+00
1.159999999999999964e+01
1.839999999999998437e+01
9.199999999999983302e+00
1.199999999999999734e+00
1.330000000000000071e+01
1.539999999999999680e+01
3.900000000000001688e+00
1.539999999999999680e+01
2.000000000000000444e+00
1.779999999999999005e+01
1.180000000000000071e+01
1.360000000000000142e+01
1.539999999999999680e+01
4.100000000000001421e+00
6.699999999999992184e+00
7.999999999999997113e-01
3.700000000000001954e+00
1.899999999999999911e+00
7.199999999999990408e+00
1.999999999999998168e-01
1.270000000000000107e+01
1.210000000000000142e+01
-9.999999999999981126e-02
1.400000000000000178e+01
3.700000000000001954e+00
1.839999999999998437e+01
7.999999999999999334e-01
1.539999999999999680e+01
7.999999999999997113e-01
9.000000000000002442e-01
1.210000000000000142e+01
1.700000000000000178e+00
2.500000000000000888e+00
1.519999999999999751e+01
1.719999999999998863e+01
1.420000000000000107e+01
1.579999999999999538e+01
1.569999999999999574e+01
1.190000000000000036e+01
1.450000000000000000e+01
1.119999999999999929e+01
1.100000000000000000e+01
1.659999999999999432e+01
1.509999999999999787e+01
7.999999999999999334e-01
4.999999999999998224e+00
3.500000000000001776e+00
1.210000000000000142e+01
1.800000000000000266e+00
1.000000000000000000e+01
1.539999999999999680e+01
1.100000000000000000e+01
1.420000000000000107e+01
1.450000000000000000e+01
2.700000000000000622e+00
1.719999999999998863e+01
1.609999999999999432e+01
-2.000000000000000389e-01
1.929999999999998295e+01
1.719999999999998863e+01
1.119999999999999929e+01
1.180000000000000071e+01
6.699999999999992184e+00
1.719999999999998863e+01
7.399999999999989697e+00
1.150000000000000000e+01
1.659999999999999432e+01
1.759999999999998721e+01
9.099999999999983658e+00
2.700000000000001066e+00
4.599999999999999645e+00
1.800000000000000933e+00
3.500000000000001776e+00
1.779999999999999005e+01
1.330000000000000071e+01
6.299999999999993605e+00
6.199999999999993960e+00
1.240000000000000036e+01
1.659999999999999432e+01
5.899999999999995026e+00
7.599999999999988987e+00
1.479999999999999893e+01
2.019999999999998153e+01
1.340000000000000213e+01
2.300000000000000266e+00
3.700000000000001510e+00
1.280000000000000071e+01
1.370000000000000284e+01
9.099999999999983658e+00
1.390000000000000213e+01
1.299999999999999822e+00
1.629999999999999361e+01
3.300000000000001599e+00
1.150000000000000000e+01
1.659999999999999432e+01
1.599999999999999467e+01
1.210000000000000142e+01
5.099999999999997868e+00
2.500000000000000444e+00
1.669999999999999218e+01
-8.999999999999992450e-01
-3.100000000000001421e+00
1.390000000000000213e+01
1.360000000000000142e+01
1.360000000000000142e+01
1.479999999999999893e+01
7.299999999999990052e+00
6.199999999999993960e+00
1.609999999999999432e+01
1.420000000000000107e+01
1.450000000000000000e+01
1.000000000000000000e+01
4.000000000000001776e+00
1.519999999999999751e+01
2.600000000000000977e+00
2.500000000000000888e+00
1.430000000000000071e+01
1.000000000000000000e+01
1.779999999999999005e+01
1.090000000000000036e+01
6.999999999999997335e-01
1.839999999999998437e+01
1.569999999999999574e+01
1.500000000000000222e+00
1.000000000000000333e-01
1.420000000000000107e+01
1.900000000000000799e+00
1.599999999999999467e+01
1.629999999999999361e+01
1.689999999999999147e+01
5.000000000000000000e-01
1.150000000000000000e+01
5.399999999999996803e+00
1.500000000000000444e+00
1.689999999999999147e+01
5.699999999999995737e+00
3.300000000000001155e+00
5.399999999999996803e+00
7.499999999999989342e+00
4.200000000000001066e+00
1.100000000000000311e+00
7.299999999999990052e+00
1.719999999999998863e+01
1.689999999999999147e+01
1.330000000000000071e+01
1.270000000000000107e+01
1.009999999999999964e+01
2.100000000000000533e+00
-3.999999999999998002e-01
-8.999999999999995781e-01
1.240000000000000036e+01
3.400000000000001243e+00
1.360000000000000142e+01
1.330000000000000071e+01
7.999999999999987566e+00
7.499999999999989342e+00
9.999999999999996669e-01
1.479999999999999893e+01
4.300000000000000711e+00
1.719999999999998863e+01
2.700000000000001066e+00
1.800000000000000266e+00
5.999999999999994671e+00
2.000000000000000000e+00
5.299999999999997158e+00
1.270000000000000107e+01
1.310000000000000142e+01
2.800000000000001155e+00
8.099999999999987210e+00
1.150000000000000000e+01
1.310000000000000142e+01
1.430000000000000071e+01
1.430000000000000071e+01
1.659999999999999432e+01
1.180000000000000071e+01
2.600000000000000977e+00
6.499999999999992895e+00
6.099999999999994316e+00
4.000000000000001776e+00
1.030000000000000071e+01
1.689999999999999147e+01
1.390000000000000213e+01
1.700000000000000178e+00
1.180000000000000071e+01
4.300000000000000711e+00
2.800000000000001155e+00
1.240000000000000036e+01
5.099999999999997868e+00
2.400000000000001243e+00
3.700000000000001510e+00
2.200000000000000178e+00
1.310000000000000142e+01
5.199999999999997513e+00
1.579999999999999538e+01
1.180000000000000071e+01
4.500000000000000000e+00
1.999999999999997868e+01
5.699999999999995737e+00
1.270000000000000107e+01
1.509999999999999787e+01
1.400000000000000178e+01
1.450000000000000000e+01
4.100000000000001421e+00
1.509999999999999787e+01
1.479999999999999893e+01
3.100000000000001421e+00
3.800000000000001599e+00
1.539999999999999680e+01
1.689999999999999147e+01
1.599999999999999467e+01
6.899999999999991473e+00
1.330000000000000071e+01
1.299999999999999822e+00
2.900000000000000799e+00
1.479999999999999893e+01
3.900000000000001688e+00
1.509999999999999787e+01
2.600000000000001421e+00
1.450000000000000000e+01
9.299999999999982947e+00
5.099999999999997868e+00
1.629999999999999361e+01
1.549999999999999645e+01
1.360000000000000142e+01
-4.000000000000000222e-01
1.270000000000000107e+01
1.270000000000000107e+01
6.999999999999991118e+00
5.299999999999997158e+00
1.800000000000000266e+00
1.800000000000000266e+00
1.199999999999999734e+00
1.240000000000000036e+01
1.489999999999999858e+01
1.539999999999999680e+01
2.500000000000000888e+00
1.659999999999999432e+01
1.400000000000000355e+00
6.099999999999994316e+00
5.699999999999995737e+00
1.340000000000000213e+01
1.809999999999998721e+01
3.800000000000001599e+00
4.999999999999998224e+00
1.360000000000000142e+01
1.569999999999999574e+01
7.999999999999999334e-01
3.600000000000001865e+00
7.399999999999989697e+00
5.999999999999994671e+00
1.509999999999999787e+01
1.130000000000000071e+01
1.420000000000000107e+01
2.775557561562891351e-17
1.539999999999999680e+01
5.699999999999995737e+00
1.659999999999999432e+01
2.600000000000000977e+00
1.450000000000000000e+01
1.210000000000000142e+01
1.400000000000000178e+01
1.600000000000000311e+00
1.210000000000000142e+01
2.900000000000000799e+00
3.000000000000000444e-01
1.059999999999999964e+01
1.759999999999998721e+01
1.210000000000000142e+01
1.030000000000000071e+01
6.799999999999991829e+00
1.240000000000000036e+01
1.579999999999999538e+01
8.199999999999986855e+00
7.999999999999987566e+00
1.539999999999999680e+01
1.330000000000000071e+01
1.180000000000000071e+01
3.800000000000001599e+00
1.689999999999999147e+01
1.800000000000000266e+00
1.360000000000000142e+01
1.719999999999998863e+01
1.659999999999999432e+01
1.420000000000000107e+01
1.420000000000000107e+01
1.659999999999999432e+01
1.420000000000000107e+01
1.450000000000000000e+01
1.240000000000000036e+01
1.190000000000000036e+01
1.629999999999999361e+01
-2.775557561562891351e-17
1.899999999999998579e+01
1.030000000000000071e+01
2.800000000000001155e+00
3.000000000000002665e-01
4.000000000000000222e-01
3.500000000000001776e+00
6.999999999999991118e+00
1.000000000000000000e+01
1.509999999999999787e+01
5.699999999999995737e+00
1.729999999999999005e+01
1.749999999999998934e+01
1.220000000000000107e+01
1.509999999999999787e+01
1.220000000000000107e+01
3.100000000000001421e+00
1.450000000000000000e+01
1.500000000000000000e+00
4.200000000000001066e+00
4.000000000000000222e-01
1.569999999999999574e+01
7.699999999999988631e+00
1.360000000000000142e+01
1.450000000000000000e+01
1.270000000000000107e+01
1.150000000000000000e+01
5.799999999999995381e+00
2.400000000000000799e+00
1.809999999999998721e+01
1.210000000000000142e+01
3.100000000000001421e+00
1.479999999999999893e+01
1.539999999999999680e+01
1.800000000000000266e+00
-2.000000000000003719e-01
1.300000000000000044e+00
1.360000000000000142e+01
1.639999999999999147e+01
1.000000000000000000e+01
1.420000000000000107e+01
1.819999999999998863e+01
1.360000000000000142e+01
1.150000000000000000e+01
6.699999999999992184e+00
1.130000000000000071e+01
1.509999999999999787e+01
1.629999999999999361e+01
1.000000000000000333e-01
1.569999999999999574e+01
2.900000000000001243e+00
2.800000000000000711e+00
3.400000000000001243e+00
5.799999999999995381e+00
1.659999999999999432e+01
8.799999999999984723e+00
1.059999999999999964e+01
1.300000000000000178e+01
1.119999999999999929e+01
6.199999999999993960e+00
1.689999999999999147e+01
1.719999999999998863e+01
1.629999999999999361e+01
1.199999999999999956e+00
3.700000000000001954e+00
4.100000000000001421e+00
1.180000000000000071e+01
1.509999999999999787e+01
6.799999999999991829e+00
1.749999999999998934e+01
1.539999999999999680e+01
1.479999999999999893e+01
-1.499999999999999556e+00
1.509999999999999787e+01
2.800000000000001155e+00
1.450000000000000000e+01
1.509999999999999787e+01
1.420000000000000107e+01
1.749999999999998934e+01
1.659999999999999432e+01
1.330000000000000071e+01
1.519999999999999751e+01
1.150000000000000000e+01
1.370000000000000284e+01
1.240000000000000036e+01
1.500000000000000000e+00
1.360000000000000142e+01
1.210000000000000142e+01
1.609999999999999432e+01
8.299999999999986500e+00
1.519999999999999751e+01
1.330000000000000071e+01
5.899999999999995026e+00
1.270000000000000107e+01
1.669999999999999218e+01
1.300000000000000178e+01
1.689999999999999147e+01
5.999999999999994671e+00
1.509999999999999787e+01
1.130000000000000071e+01
1.150000000000000000e+01
3.700000000000001510e+00
1.280000000000000071e+01
1.210000000000000142e+01
1.509999999999999787e+01
1.059999999999999964e+01
1.519999999999999751e+01
1.210000000000000142e+01
3.400000000000001243e+00
1.210000000000000142e+01
1.360000000000000142e+01
1.240000000000000036e+01
1.569999999999999574e+01
6.199999999999993960e+00
1.000000000000000000e+01
1.420000000000000107e+01
1.330000000000000071e+01
1.330000000000000071e+01
1.159999999999999964e+01
1.719999999999998863e+01
1.400000000000000178e+01
1.509999999999999787e+01
1.059999999999999964e+01
1.420000000000000107e+01
-6.000000000000003109e-01
6.499999999999992895e+00
5.199999999999997513e+00
1.220000000000000107e+01
1.330000000000000071e+01
1.819999999999998863e+01
3.900000000000001688e+00
1.900000000000000355e+00
2.800000000000001155e+00
1.180000000000000071e+01
1.450000000000000000e+01
1.059999999999999964e+01
1.809999999999998721e+01
4.000000000000000222e-01
5.699999999999995737e+00
1.989999999999998082e+01
1.330000000000000071e+01
1.599999999999999467e+01
1.400000000000000133e+00
1.969999999999998153e+01
2.059999999999998010e+01
1.599999999999999467e+01
1.659999999999999432e+01
-2.999999999999993228e-01
3.800000000000001599e+00
5.799999999999995381e+00
1.420000000000000107e+01
1.519999999999999751e+01
1.280000000000000071e+01
1.689999999999999147e+01
5.199999999999997513e+00
1.400000000000000178e+01
1.689999999999999147e+01
1.090000000000000036e+01
1.420000000000000107e+01
4.100000000000001421e+00
1.300000000000000178e+01
1.180000000000000071e+01
1.639999999999999147e+01
1.300000000000000044e+00
1.100000000000000000e+01
1.420000000000000107e+01
1.869999999999998508e+01
1.579999999999999538e+01
1.639999999999999147e+01
1.210000000000000142e+01
1.360000000000000142e+01
1.390000000000000213e+01
1.059999999999999964e+01
1.479999999999999893e+01
-3.000000000000000444e-01
1.869999999999998508e+01
1.539999999999999680e+01
1.809999999999998721e+01
7.399999999999989697e+00
1.599999999999999467e+01
1.609999999999999432e+01
1.779999999999999005e+01
1.539999999999999680e+01
1.629999999999999361e+01
1.370000000000000284e+01
3.600000000000001865e+00
1.119999999999999929e+01
1.280000000000000071e+01
1.450000000000000000e+01
-2.000000000000000444e+00
1.250000000000000000e+01
1.240000000000000036e+01
1.150000000000000000e+01
1.669999999999999218e+01
1.000000000000000000e+01
1.569999999999999574e+01
1.119999999999999929e+01
1.569999999999999574e+01
1.390000000000000213e+01
5.299999999999997158e+00
1.330000000000000071e+01
1.300000000000000178e+01
1.360000000000000142e+01
-1.400000000000000133e+00
8.999999999999992450e-01
1.119999999999999929e+01
1.150000000000000000e+01
3.800000000000002043e+00
3.000000000000001332e+00
1.130000000000000071e+01
1.270000000000000107e+01
1.569999999999999574e+01
5.299999999999997158e+00
1.659999999999999432e+01
1.300000000000000178e+01
1.629999999999999361e+01
1.609999999999999432e+01
1.479999999999999893e+01
1.240000000000000036e+01
1.629999999999999361e+01
1.059999999999999964e+01
-2.000000000000000389e-01
4.300000000000000711e+00
1.509999999999999787e+01
1.059999999999999964e+01
1.430000000000000071e+01
3.000000000000000444e-01
1.150000000000000000e+01
5.499999999999996447e+00
9.799999999999981171e+00
1.629999999999999361e+01
1.090000000000000036e+01
3.300000000000001599e+00
1.629999999999999361e+01
1.400000000000000178e+01
1.360000000000000142e+01
1.360000000000000142e+01
1.839999999999998437e+01
1.489999999999999858e+01
4.999999999999998224e+00
6.099999999999994316e+00
6.599999999999992539e+00
1.090000000000000036e+01
1.130000000000000071e+01
1.599999999999999467e+01
6.199999999999993960e+00
1.000000000000000000e+01
7.599999999999988987e+00
1.330000000000000071e+01
1.549999999999999645e+01
1.390000000000000213e+01
1.400000000000000178e+01
1.090000000000000036e+01
1.939999999999998437e+01
1.579999999999999538e+01
1.059999999999999964e+01
1.360000000000000142e+01
1.300000000000000178e+01
1.639999999999999147e+01
1.250000000000000000e+01
9.399999999999982592e+00
4.300000000000000711e+00
1.210000000000000142e+01
6.999999999999991118e+00
1.719999999999998863e+01
1.479999999999999893e+01
1.719999999999998863e+01
1.030000000000000071e+01
1.450000000000000000e+01
1.280000000000000071e+01
1.839999999999998437e+01
1.450000000000000000e+01
1.059999999999999964e+01
1.569999999999999574e+01
1.360000000000000142e+01
1.659999999999999432e+01
3.600000000000001865e+00
1.869999999999998508e+01
1.450000000000000000e+01
4.400000000000000355e+00
1.390000000000000213e+01
1.270000000000000107e+01
1.420000000000000107e+01
1.420000000000000107e+01
1.240000000000000036e+01
4.400000000000000355e+00
1.839999999999998437e+01
2.900000000000001243e+00
1.659999999999999432e+01
1.030000000000000071e+01
1.390000000000000213e+01
1.340000000000000213e+01
1.210000000000000142e+01
4.100000000000001421e+00
1.629999999999999361e+01
1.450000000000000000e+01
1.450000000000000000e+01
1.450000000000000000e+01
1.420000000000000107e+01
4.799999999999998934e+00
8.699999999999985079e+00
1.240000000000000036e+01
1.090000000000000036e+01
1.539999999999999680e+01
9.499999999999982236e+00
3.700000000000001954e+00
1.210000000000000142e+01
1.999999999999997868e+01
1.330000000000000071e+01
1.360000000000000142e+01
1.119999999999999929e+01
1.370000000000000284e+01
1.360000000000000142e+01
5.299999999999997158e+00
1.430000000000000071e+01
7.799999999999988276e+00
5.699999999999995737e+00
6.599999999999992539e+00
1.869999999999998508e+01
-2.775557561562891351e-17
1.300000000000000178e+01
1.360000000000000142e+01
1.270000000000000107e+01
1.270000000000000107e+01
1.000000000000000000e+01
1.270000000000000107e+01
1.569999999999999574e+01
1.360000000000000142e+01
1.669999999999999218e+01
1.700000000000000178e+00
1.689999999999999147e+01
1.340000000000000213e+01
6.399999999999993250e+00
3.300000000000001155e+00
1.450000000000000000e+01
2.800000000000001155e+00
4.300000000000000711e+00
1.909999999999998366e+01
1.150000000000000000e+01
5.099999999999997868e+00
1.749999999999998934e+01
5.599999999999996092e+00
1.700000000000000400e+00
1.509999999999999787e+01
1.779999999999999005e+01
1.839999999999998437e+01
1.000000000000000000e+01
8.999999999999999112e-01
1.420000000000000107e+01
6.699999999999992184e+00
1.479999999999999893e+01
1.659999999999999432e+01
6.399999999999993250e+00
1.479999999999999893e+01
1.599999999999999467e+01
1.270000000000000107e+01
4.999999999999998224e+00
1.150000000000000000e+01
9.299999999999982947e+00
1.270000000000000107e+01
1.450000000000000000e+01
5.199999999999997513e+00
1.450000000000000000e+01
1.629999999999999361e+01
1.210000000000000142e+01
1.729999999999999005e+01
1.779999999999999005e+01
1.300000000000000178e+01
1.390000000000000213e+01
1.629999999999999361e+01
1.240000000000000036e+01
9.499999999999982236e+00
1.059999999999999964e+01
1.270000000000000107e+01
1.420000000000000107e+01
5.799999999999995381e+00
1.700000000000000400e+00
1.069999999999999929e+01
1.240000000000000036e+01
8.099999999999987210e+00
9.999999999999998890e-01
1.809999999999998721e+01
7.999999999999987566e+00
1.090000000000000036e+01
1.300000000000000178e+01
1.240000000000000036e+01
4.500000000000000000e+00
1.360000000000000142e+01
1.509999999999999787e+01
1.180000000000000071e+01
1.509999999999999787e+01
1.130000000000000071e+01
1.400000000000000178e+01
1.059999999999999964e+01
1.330000000000000071e+01
1.040000000000000036e+01
3.700000000000001510e+00
1.599999999999999467e+01
1.639999999999999147e+01
1.330000000000000071e+01
1.150000000000000000e+01
1.150000000000000000e+01
1.180000000000000071e+01
1.360000000000000142e+01
1.300000000000000178e+01
1.489999999999999858e+01
1.180000000000000071e+01
1.360000000000000142e+01
1.300000000000000178e+01
1.000000000000000333e-01
1.330000000000000071e+01
1.240000000000000036e+01
1.569999999999999574e+01
1.300000000000000178e+01
1.420000000000000107e+01
1.579999999999999538e+01
1.629999999999999361e+01
1.340000000000000213e+01
1.599999999999999467e+01
1.669999999999999218e+01
1.300000000000000178e+01
1.909999999999998366e+01
1.600000000000000311e+00
1.370000000000000284e+01
3.000000000000000444e-01
2.300000000000000711e+00
1.310000000000000142e+01
1.839999999999998437e+01
1.059999999999999964e+01
1.609999999999999432e+01
1.330000000000000071e+01
3.100000000000000977e+00
1.370000000000000284e+01
1.669999999999999218e+01
1.430000000000000071e+01
1.729999999999999005e+01
9.799999999999981171e+00
1.360000000000000142e+01
1.240000000000000036e+01
4.999999999999998224e+00
1.459999999999999964e+01
1.040000000000000036e+01
1.609999999999999432e+01
1.539999999999999680e+01
1.819999999999998863e+01
1.450000000000000000e+01
1.390000000000000213e+01
1.310000000000000142e+01
1.599999999999999467e+01
1.159999999999999964e+01
4.300000000000000711e+00
-7.999999999999999334e-01
1.040000000000000036e+01
1.479999999999999893e+01
1.569999999999999574e+01
1.479999999999999893e+01
1.390000000000000213e+01
1.789999999999998792e+01
1.099999999999999867e+00
3.700000000000001510e+00
3.400000000000001688e+00
1.689999999999999147e+01
1.719999999999998863e+01
1.220000000000000107e+01
-9.000000000000005773e-01
1.069999999999999929e+01
1.150000000000000000e+01
1.240000000000000036e+01
1.719999999999998863e+01
1.479999999999999893e+01
1.450000000000000000e+01
1.450000000000000000e+01
1.759999999999998721e+01
1.400000000000000133e+00
1.360000000000000142e+01
1.749999999999998934e+01
1.599999999999999467e+01
1.879999999999998295e+01
1.390000000000000213e+01
8.499999999999985789e+00
1.969999999999998153e+01
1.130000000000000071e+01
5.699999999999995737e+00
1.629999999999999361e+01
1.340000000000000213e+01
1.479999999999999893e+01
1.659999999999999432e+01
1.699999999999999289e+01
1.390000000000000213e+01
1.030000000000000071e+01
4.000000000000000222e-01
1.509999999999999787e+01
1.210000000000000142e+01
1.300000000000000178e+01
3.900000000000001688e+00
1.719999999999998863e+01
1.360000000000000142e+01
1.360000000000000142e+01
1.509999999999999787e+01
1.450000000000000000e+01
1.119999999999999929e+01
9.299999999999982947e+00
1.270000000000000107e+01
1.360000000000000142e+01
1.569999999999999574e+01
1.240000000000000036e+01
1.539999999999999680e+01
4.899999999999998579e+00
1.689999999999999147e+01
1.420000000000000107e+01
1.599999999999999467e+01
8.199999999999986855e+00
1.360000000000000142e+01
1.210000000000000142e+01
5.099999999999997868e+00
1.599999999999999467e+01
1.190000000000000036e+01
1.150000000000000000e+01
1.749999999999998934e+01
1.599999999999999467e+01
1.689999999999999147e+01
1.809999999999998721e+01
1.330000000000000071e+01
1.479999999999999893e+01
5.099999999999997868e+00
6.099999999999994316e+00
1.090000000000000036e+01
1.270000000000000107e+01
1.459999999999999964e+01
9.999999999999997780e-02
1.280000000000000071e+01
1.839999999999998437e+01
8.999999999999999112e-01
1.749999999999998934e+01
1.119999999999999929e+01
1.280000000000000071e+01
2.999999999999999889e-01
1.450000000000000000e+01
1.659999999999999432e+01
1.150000000000000000e+01
1.240000000000000036e+01
1.569999999999999574e+01
1.579999999999999538e+01
2.049999999999997868e+01
1.509999999999999787e+01
1.300000000000000178e+01
1.489999999999999858e+01
1.270000000000000107e+01
1.119999999999999929e+01
1.719999999999998863e+01
1.959999999999998010e+01
1.509999999999999787e+01
1.370000000000000284e+01
1.370000000000000284e+01
1.839999999999998437e+01
1.310000000000000142e+01
1.360000000000000142e+01
1.569999999999999574e+01
1.210000000000000142e+01
1.479999999999999893e+01
1.509999999999999787e+01
3.000000000000000444e-01
1.959999999999998010e+01
1.909999999999998366e+01
1.450000000000000000e+01
1.090000000000000036e+01
1.509999999999999787e+01
1.030000000000000071e+01
1.390000000000000213e+01
1.459999999999999964e+01
1.090000000000000036e+01
1.450000000000000000e+01
1.959999999999998010e+01
1.899999999999998579e+01
1.270000000000000107e+01
1.390000000000000213e+01
1.659999999999999432e+01
1.819999999999998863e+01
8.499999999999985789e+00
1.360000000000000142e+01
1.929999999999998295e+01
1.869999999999998508e+01
1.759999999999998721e+01
1.240000000000000036e+01
1.569999999999999574e+01
1.519999999999999751e+01
1.629999999999999361e+01
1.959999999999998010e+01
1.749999999999998934e+01
1.180000000000000071e+01
1.699999999999999289e+01
1.220000000000000107e+01
1.390000000000000213e+01
1.539999999999999680e+01
1.370000000000000284e+01
1.000000000000000000e+01
1.629999999999999361e+01
1.310000000000000142e+01
1.420000000000000107e+01
1.629999999999999361e+01
1.100000000000000000e+01
1.390000000000000213e+01
1.839999999999998437e+01
1.069999999999999929e+01
1.210000000000000142e+01
1.579999999999999538e+01
2.200000000000000178e+00
1.059999999999999964e+01
1.240000000000000036e+01
1.310000000000000142e+01
1.539999999999999680e+01
1.639999999999999147e+01
1.699999999999999289e+01
1.749999999999998934e+01
1.370000000000000284e+01
1.180000000000000071e+01
1.569999999999999574e+01
1.450000000000000000e+01
3.600000000000001421e+00
1.390000000000000213e+01
1.030000000000000071e+01
1.340000000000000213e+01
3.200000000000001066e+00
1.180000000000000071e+01
-4.000000000000000222e-01
1.450000000000000000e+01
1.819999999999998863e+01
1.629999999999999361e+01
1.270000000000000107e+01
1.629999999999999361e+01
1.280000000000000071e+01
1.370000000000000284e+01
1.869999999999998508e+01
1.420000000000000107e+01
1.119999999999999929e+01
1.240000000000000036e+01
1.400000000000000178e+01
1.779999999999999005e+01
5.799999999999995381e+00
2.700000000000000622e+00
1.360000000000000142e+01
1.669999999999999218e+01
1.190000000000000036e+01
1.729999999999999005e+01
1.220000000000000107e+01
5.299999999999997158e+00
1.450000000000000000e+01
9.699999999999981526e+00
1.370000000000000284e+01
1.180000000000000071e+01
1.909999999999998366e+01
1.569999999999999574e+01
1.030000000000000071e+01
3.200000000000001510e+00
5.999999999999994671e+00
5.799999999999995381e+00
1.240000000000000036e+01
1.569999999999999574e+01
1.779999999999999005e+01
1.749999999999998934e+01
1.509999999999999787e+01
7.199999999999990408e+00
1.989999999999998082e+01
2.019999999999998153e+01
1.629999999999999361e+01
1.509999999999999787e+01
1.390000000000000213e+01
1.599999999999999467e+01
1.390000000000000213e+01
1.629999999999999361e+01
1.450000000000000000e+01
9.699999999999981526e+00
1.749999999999998934e+01
1.839999999999998437e+01
1.180000000000000071e+01
1.059999999999999964e+01
1.749999999999998934e+01
1.779999999999999005e+01
1.729999999999999005e+01
1.210000000000000142e+01
1.749999999999998934e+01
1.629999999999999361e+01
1.210000000000000142e+01
1.809999999999998721e+01
1.040000000000000036e+01
5.099999999999997868e+00
1.939999999999998437e+01
1.869999999999998508e+01
1.270000000000000107e+01
1.659999999999999432e+01
1.579999999999999538e+01
7.999999999999999334e-01
6.499999999999992895e+00
1.030000000000000071e+01
1.390000000000000213e+01
1.779999999999999005e+01
1.090000000000000036e+01
1.579999999999999538e+01
1.210000000000000142e+01
1.779999999999999005e+01
1.549999999999999645e+01
2.049999999999997868e+01
-9.999999999999997780e-02
1.190000000000000036e+01
1.839999999999998437e+01
1.390000000000000213e+01
1.430000000000000071e+01
1.450000000000000000e+01
1.159999999999999964e+01
1.069999999999999929e+01
-1.000000000000000333e-01
1.669999999999999218e+01
1.220000000000000107e+01
1.809999999999998721e+01
1.539999999999999680e+01
1.360000000000000142e+01
1.210000000000000142e+01
2.800000000000001155e+00
2.775557561562891351e-17
1.609999999999999432e+01
1.450000000000000000e+01
1.390000000000000213e+01
1.569999999999999574e+01
1.989999999999998082e+01
1.899999999999998579e+01
1.180000000000000071e+01
1.779999999999999005e+01
1.779999999999999005e+01
1.779999999999999005e+01
1.090000000000000036e+01
1.220000000000000107e+01
1.779999999999999005e+01
1.599999999999999467e+01
1.270000000000000107e+01
7.399999999999989697e+00
1.779999999999999005e+01
1.719999999999998863e+01
7.299999999999990052e+00
2.019999999999998153e+01
9.699999999999981526e+00
1.959999999999998010e+01
1.009999999999999964e+01
1.659999999999999432e+01
1.579999999999999538e+01
1.599999999999999467e+01
1.180000000000000071e+01
1.210000000000000142e+01
1.420000000000000107e+01
9.999999999999997780e-02
1.519999999999999751e+01
-6.999999999999997335e-01
1.370000000000000284e+01
1.749999999999998934e+01
1.330000000000000071e+01
1.869999999999998508e+01
1.719999999999998863e+01
1.539999999999999680e+01
1.749999999999998934e+01
1.719999999999998863e+01
8.499999999999985789e+00
-3.000000000000000444e-01
4.300000000000000711e+00
1.360000000000000142e+01
1.629999999999999361e+01
6.899999999999991473e+00
1.479999999999999893e+01
1.420000000000000107e+01
1.849999999999998579e+01
1.569999999999999574e+01
1.360000000000000142e+01
1.899999999999998579e+01
1.059999999999999964e+01
1.569999999999999574e+01
1.030000000000000071e+01
4.400000000000000355e+00
1.270000000000000107e+01
1.240000000000000036e+01
1.240000000000000036e+01
1.629999999999999361e+01
1.629999999999999361e+01
1.729999999999999005e+01
1.180000000000000071e+01
1.390000000000000213e+01
1.839999999999998437e+01
3.000000000000001332e+00
1.420000000000000107e+01
1.509999999999999787e+01
1.400000000000000178e+01
2.700000000000001066e+00
1.330000000000000071e+01
1.719999999999998863e+01
1.569999999999999574e+01
1.809999999999998721e+01
1.040000000000000036e+01
1.819999999999998863e+01
1.569999999999999574e+01
1.509999999999999787e+01
1.030000000000000071e+01
1.869999999999998508e+01
1.330000000000000071e+01
1.040000000000000036e+01
1.420000000000000107e+01
1.090000000000000036e+01
1.330000000000000071e+01
1.450000000000000000e+01
1.250000000000000000e+01
1.119999999999999929e+01
1.599999999999999467e+01
1.629999999999999361e+01
1.539999999999999680e+01
1.479999999999999893e+01
1.300000000000000178e+01
5.000000000000000000e-01
1.600000000000000311e+00
1.059999999999999964e+01
1.779999999999999005e+01
1.119999999999999929e+01
1.210000000000000142e+01
1.719999999999998863e+01
1.599999999999999467e+01
1.639999999999999147e+01
1.390000000000000213e+01
1.569999999999999574e+01
8.299999999999986500e+00
1.240000000000000036e+01
1.479999999999999893e+01
1.240000000000000036e+01
1.809999999999998721e+01
1.749999999999998934e+01
1.400000000000000178e+01
1.749999999999998934e+01
1.330000000000000071e+01
1.280000000000000071e+01
1.539999999999999680e+01
1.270000000000000107e+01
1.330000000000000071e+01
1.749999999999998934e+01
1.240000000000000036e+01
1.059999999999999964e+01
1.119999999999999929e+01
2.019999999999998153e+01
1.340000000000000213e+01
1.869999999999998508e+01
1.180000000000000071e+01
1.360000000000000142e+01
-2.000000000000000389e-01
1.569999999999999574e+01
1.390000000000000213e+01
1.519999999999999751e+01
1.100000000000000000e+01
1.689999999999999147e+01
1.340000000000000213e+01
1.150000000000000000e+01
1.599999999999999467e+01
1.509999999999999787e+01
1.749999999999998934e+01
1.609999999999999432e+01
1.479999999999999893e+01
-2.775557561562891351e-17
2.049999999999997868e+01
1.459999999999999964e+01
1.869999999999998508e+01
1.989999999999998082e+01
1.450000000000000000e+01
1.759999999999998721e+01
1.509999999999999787e+01
1.489999999999999858e+01
1.220000000000000107e+01
1.599999999999999467e+01
1.360000000000000142e+01
1.459999999999999964e+01
1.059999999999999964e+01
1.689999999999999147e+01
5.899999999999995026e+00
1.539999999999999680e+01
1.059999999999999964e+01
1.370000000000000284e+01
1.250000000000000000e+01
1.899999999999998579e+01
1.569999999999999574e+01
1.689999999999999147e+01
1.479999999999999893e+01
1.030000000000000071e+01
1.909999999999998366e+01
1.549999999999999645e+01
1.400000000000000178e+01
1.609999999999999432e+01
1.340000000000000213e+01
1.210000000000000142e+01
1.569999999999999574e+01
1.509999999999999787e+01
1.539999999999999680e+01
1.569999999999999574e+01
1.390000000000000213e+01
1.789999999999998792e+01
1.629999999999999361e+01
1.059999999999999964e+01
1.270000000000000107e+01
1.300000000000000178e+01
1.639999999999999147e+01
1.360000000000000142e+01
1.749999999999998934e+01
1.300000000000000178e+01
1.779999999999999005e+01
1.569999999999999574e+01
1.659999999999999432e+01
1.509999999999999787e+01
1.509999999999999787e+01
1.479999999999999893e+01
1.459999999999999964e+01
1.240000000000000036e+01
1.330000000000000071e+01
1.100000000000000000e+01
1.270000000000000107e+01
1.849999999999998579e+01
1.420000000000000107e+01
1.479999999999999893e+01
1.450000000000000000e+01
1.400000000000000178e+01
1.639999999999999147e+01
1.659999999999999432e+01
1.190000000000000036e+01
1.579999999999999538e+01
1.719999999999998863e+01
1.669999999999999218e+01
1.390000000000000213e+01
1.119999999999999929e+01
1.909999999999998366e+01
1.360000000000000142e+01
1.240000000000000036e+01
2.000000000000000389e-01
1.599999999999999467e+01
1.479999999999999893e+01
1.849999999999998579e+01
1.310000000000000142e+01
1.180000000000000071e+01
1.519999999999999751e+01
1.819999999999998863e+01
1.809999999999998721e+01
1.280000000000000071e+01
1.569999999999999574e+01
1.729999999999999005e+01
1.090000000000000036e+01
1.639999999999999147e+01
1.719999999999998863e+01
1.749999999999998934e+01
1.519999999999999751e+01
1.280000000000000071e+01
1.509999999999999787e+01
1.340000000000000213e+01
1.150000000000000000e+01
1.430000000000000071e+01
1.450000000000000000e+01
1.159999999999999964e+01
1.150000000000000000e+01
9.999999999999998890e-01
1.330000000000000071e+01
1.869999999999998508e+01
1.119999999999999929e+01
1.479999999999999893e+01
1.210000000000000142e+01
3.200000000000001066e+00
1.390000000000000213e+01
1.069999999999999929e+01
1.450000000000000000e+01
1.839999999999998437e+01
1.849999999999998579e+01
9.599999999999981881e+00
1.519999999999999751e+01
1.040000000000000036e+01
1.509999999999999787e+01
1.280000000000000071e+01
1.390000000000000213e+01
1.519999999999999751e+01
1.509999999999999787e+01
1.009999999999999964e+01
1.150000000000000000e+01
1.030000000000000071e+01
1.869999999999998508e+01
1.400000000000000178e+01
1.929999999999998295e+01
1.839999999999998437e+01
1.539999999999999680e+01
7.399999999999989697e+00
1.130000000000000071e+01
1.869999999999998508e+01
