-2.976498765110311524e+03
-6.899349006674370685e+03
-5.983203407766926830e+03
-6.683226397592405192e+03
-4.743641004630342650e+03
-6.790834625019944724e+03
-6.155654587020654617e+03
-4.926573144172779394e+03
-2.899418197811553455e+03
-5.711514489561412120e+03
-8.060245258489409025e+03
-7.022499558759373031e+03
-5.125426549667441577e+03
-5.745343406128669812e+03
-6.366394158783906278e+03
-5.053808843639486440e+03
-6.981404088084463183e+03
-4.396928407928257911e+03
-6.215028076969224458e+03
-7.000733083994606204e+03
-6.521968766221197257e+03
-3.561255955503997484e+03
-5.256547822755039306e+03
-5.448380477547440023e+03
-6.228733646879357366e+03
-5.363490535943336909e+03
-6.806744046137526311e+03
-6.387071449820983617e+03
-4.716076796181723694e+03
-7.350444125660006648e+03
-5.650878402803275094e+03
-5.054485910653856990e+03
-7.484811255541954779e+03
-6.321185309310604680e+03
-6.341803656092240999e+03
-4.175893953866295305e+03
-7.974315090837380922e+03
-3.941087557986794309e+03
-6.035849083161538147e+03
-6.843319344205792731e+03
-6.503911469508289883e+03
-4.017271731365266078e+03
-4.489591934010458317e+03
-7.769276045912562040e+03
-5.539355761102218821e+03
-5.271478470343253321e+03
-6.429741847430786038e+03
-6.601736577520615356e+03
-4.764383059637162660e+03
-8.066669222454787814e+03
-5.099571222276585104e+03
-2.907967392967457272e+03
-6.674765220070698888e+03
-4.735085258431073271e+03
-5.955234796154582000e+03
-4.294879484501379011e+03
-6.114080700828488261e+03
-7.555193856872620017e+03
-7.029774391461970481e+03
-4.618048375970021880e+03
-4.683783787659022892e+03
-6.075739851650633682e+03
-6.055928306879885895e+03
-5.302067615076482980e+03
-6.538872923723102758e+03
-6.761993385616620799e+03
-4.581929811339109619e+03
-5.458909085259217136e+03
-6.396579260484651059e+03
-5.333233171849419705e+03
-4.046996074949851391e+03
-4.492358584002511634e+03
-7.451028725475622196e+03
-5.531913100419666080e+03
-6.512161897577502714e+03
-4.814218094640044910e+03
-6.143253293837178717e+03
-3.799674291078201804e+03
-6.748198817549806336e+03
-5.279820167942996704e+03
-6.764939600530013195e+03
-6.350863067501109072e+03
-5.342198555479649258e+03
-4.203882771156810122e+03
-4.043936224121120176e+03
-2.887325403428973004e+03
-6.244647034439678464e+03
-7.564170498248328840e+03
-4.844949118342295151e+03
-6.076745058024960599e+03
-5.224874323253805414e+03
-6.896583254256203873e+03
-6.096241219844959232e+03
-6.298734590604829464e+03
-5.264190825856248921e+03
-4.115374576677594632e+03
-4.589905909453153072e+03
-3.203291790897332703e+03
-6.244080762413710545e+03
-5.708583461116642866e+03
-6.548104788541317248e+03
-6.201187732184807828e+03
-6.591464268242203616e+03
-5.706617121027284156e+03
-5.744300242742743649e+03
-5.841219319885058212e+03
-6.336684328512158572e+03
-5.263556418265623506e+03
-6.091837765284086345e+03
-6.506467745704891058e+03
-3.702291085986191320e+03
-4.977439878794847573e+03
-6.238432544000863345e+03
-6.882158219072130123e+03
-6.902105596495508507e+03
-5.804077859314991656e+03
-5.411029751742282315e+03
-6.692824426960487472e+03
-5.827188032305663000e+03
-6.010608589957550976e+03
-3.668403585687830400e+03
-6.094308172473258310e+03
-6.976401600039587720e+03
-3.321561416353784352e+03
-6.281959970184660961e+03
-6.670549807146397143e+03
-3.284886771972705446e+03
-6.618234430682514358e+03
-6.940554199488203267e+03
-4.042621444954158505e+03
-6.168902716119668185e+03
-5.472728566143782700e+03
-5.063491700769356612e+03
-5.262053974417908648e+03
-6.778343956930615605e+03
-5.505971985704395593e+03
-7.204801348763876376e+03
-5.566515748860493659e+03
-5.341796812913760732e+03
-6.876389148437880976e+03
-5.477511420373622059e+03
-4.349194363787414659e+03
-6.984230630503580869e+03
-5.131625584949781114e+03
-6.925027609618398856e+03
-5.286040022040546319e+03
-6.922086352070697103e+03
-5.882425113638669245e+03
-6.924393336569088206e+03
-4.920416089109910899e+03
-5.216228487224289893e+03
-4.613627562805453636e+03
-6.632773328907620453e+03
-5.806906830936768529e+03
-6.319229648187219937e+03
-5.323260693279833504e+03
-6.566729956119341296e+03
-4.734403248065827938e+03
-5.690899439526471724e+03
-6.686051597027051685e+03
-3.190796981070705897e+03
-6.382140378013624286e+03
-7.473267423212791073e+03
-6.047567720467076470e+03
-5.884090392195798813e+03
-7.488893440598523739e+03
-4.534944918660149597e+03
-7.260305520037288261e+03
-6.187729803682495913e+03
-5.327234800538682066e+03
-5.702605347145371525e+03
-5.794883563232445340e+03
-5.796493469811888644e+03
-6.522193499728025017e+03
-5.419724396605228321e+03
-8.325131688308743833e+03
-6.391054788088104942e+03
-7.502297469153408201e+03
-5.838589388055620475e+03
-5.539527629934865217e+03
-2.882085757181231202e+03
-3.474715097549133588e+03
-6.193011242485042203e+03
-6.507723980526177911e+03
-4.385769343476174072e+03
-4.384398757024433507e+03
-7.419247804320119940e+03
-7.087003299283102933e+03
-5.880447609183936038e+03
-6.302415416422335511e+03
-6.484110642166555408e+03
-5.255247878233698430e+03
-5.500760560224084657e+03
-6.427624314691989639e+03
-7.120125604824686889e+03
-5.430322071580097145e+03
-7.282045564922088488e+03
-7.660856691963072080e+03
-6.849319154050166617e+03
-5.942752529709882765e+03
-7.499251256837700566e+03
-7.189744511363970560e+03
-4.206107914171029734e+03
-6.467924881441475918e+03
-5.560019535844031452e+03
-5.158651006479083662e+03
-5.342846652806627390e+03
-6.422292781179759913e+03
-5.166247011753634069e+03
-4.990253816899815320e+03
-6.068637259621761586e+03
-6.350431499943370909e+03
-5.414990451057389691e+03
-6.550181970353180077e+03
-6.537455381044199385e+03
-6.459622432468679108e+03
-6.355320217751215750e+03
-5.744938228843631805e+03
-5.620559294424764630e+03
-5.631494120277879119e+03
-5.724372131219368384e+03
-6.472718744465988493e+03
-3.796968140550438420e+03
-5.653045462645677617e+03
-5.781671285424881717e+03
-8.025981675937566251e+03
-6.833431609239695717e+03
-6.253413241318879955e+03
-4.316833587715344947e+03
-6.142152077117844783e+03
-7.340214437210578581e+03
-7.016982447663969651e+03
-2.247942401399026494e+03
-2.499041747263905563e+03
-5.960391714228668206e+03
-5.468078029787654486e+03
-4.269096817761942475e+03
-6.843393498484473639e+03
-6.596432471810635434e+03
-6.316363862745849474e+03
-7.056819170063584352e+03
-5.591369297925357387e+03
-6.705938769759377465e+03
-6.046621931005390252e+03
-5.883714491127340807e+03
-2.985919862098440262e+03
-5.596062475037689182e+03
-2.442028935505270510e+03
-4.268063784520639274e+03
-7.421594703426389970e+03
-5.196996973298601006e+03
-5.619689598180027133e+03
-7.381825622768896210e+03
-7.259507540959582911e+03
-6.513799799526778770e+03
-4.427773505062160439e+03
-4.370940064969280684e+03
-7.231761626371396233e+03
-5.045718746988557541e+03
-4.175971711625918942e+03
-4.531801364770371947e+03
-5.767242623420152995e+03
-6.044421310691873259e+03
-5.945915344701916183e+03
-6.601987712761556395e+03
-6.850008085777390988e+03
-7.549622892153288376e+03
-6.659272979541042332e+03
-6.017264156032400933e+03
-6.672415201165667895e+03
-4.219157569627173871e+03
-3.789643210717120382e+03
-6.248466590198915583e+03
-5.863320823864980412e+03
-3.918968630974274674e+03
-6.112423864285399759e+03
-5.877336494488743483e+03
-5.632323729369801185e+03
-6.793227779981123604e+03
-5.676701170906205334e+03
-4.645427190055687788e+03
-5.765156685697134890e+03
-7.848855895134015555e+03
-3.333954618464884788e+03
-6.802036175497694785e+03
-6.613380360649060094e+03
-4.874215285160815256e+03
-6.008317139911502636e+03
-3.704350872319452264e+03
-6.425879946630408995e+03
-6.182879322573338868e+03
-5.386106893882079021e+03
-5.886705215541892358e+03
-6.474833359223428488e+03
-5.550523777308020726e+03
-6.070835647675055043e+03
-4.612069015815246530e+03
-6.216783753556031115e+03
-5.994267051722506039e+03
-5.717227673825771490e+03
-5.328155486062129057e+03
-4.190713648282639042e+03
-3.669176408265785994e+03
-6.494061237752179295e+03
-7.411435227884516280e+03
-5.523780038567514566e+03
-6.068619364316134124e+03
-6.124325217156323561e+03
-5.075839704647934013e+03
-5.366863494100044591e+03
-5.465117076402918428e+03
-7.465369820407191582e+03
-6.500736480759121150e+03
-4.364673442987632370e+03
-3.249232221935007146e+03
-5.727314626567022060e+03
-7.651312456268247843e+03
-6.263325351078342464e+03
-7.586318481204740237e+03
-7.064178460044248823e+03
-5.680537256492788401e+03
-3.842982623017544483e+03
-4.834561355289933090e+03
-5.847024162596998394e+03
-2.516679329794621026e+03
-5.976318290015397906e+03
-3.691330536590784959e+03
-6.944918469913675835e+03
-5.259747586722698543e+03
-5.044515010304852694e+03
-6.558559251586045320e+03
-6.012466455751051399e+03
-7.548420748852010547e+03
-5.394422027676920152e+03
-4.824399911126812185e+03
-5.894828689311262679e+03
-3.932296365532927666e+03
-7.673805819309453000e+03
-6.368702227092546309e+03
-6.290655250588312811e+03
-6.745521001309965868e+03
-5.649352867334306211e+03
-7.211206853785023668e+03
-8.699032126484056789e+03
-4.616406924837458064e+03
-5.358457194077554959e+03
-7.675506319460085251e+03
-6.345353667007217155e+03
-6.897456520524075131e+03
-4.733682862878113156e+03
-7.429704190483554157e+03
-6.811733064279876999e+03
-7.688025908725436238e+03
-5.414654106429032254e+03
-6.120036426495429623e+03
-4.587556081037722834e+03
-7.281937210071786467e+03
-5.621827101186549044e+03
-7.061219196451427706e+03
-6.598273091167760867e+03
-4.698376041337749484e+03
-4.922154009596860305e+03
-5.710118932902446431e+03
-5.882618519199592811e+03
-6.434744836132238561e+03
-6.676985468082517400e+03
-3.466835882684023090e+03
-5.919035607499643447e+03
-6.820761974273622400e+03
-5.266603231843966569e+03
-2.334228056524909334e+03
-6.772501720248527818e+03
-5.370721742518486280e+03
-5.786673926581432170e+03
-5.871287955474886985e+03
-4.295973570725389436e+03
-5.743075867848199778e+03
-3.143589713255967581e+03
-5.982627625529476063e+03
-6.779300188075399092e+03
-6.716916919285116819e+03
-6.364597880757748499e+03
-4.732160071193691692e+03
-6.695593963866592276e+03
-5.874408273139479206e+03
-5.366475261010395116e+03
-6.170842492559970196e+03
-5.429771355627833145e+03
-6.942431164452522353e+03
-7.934501810080291762e+03
-6.014272447634655691e+03
-5.355049297462676805e+03
-5.153402144678529112e+03
-4.505561828024815441e+03
-6.619338316831935117e+03
-6.878988403080859825e+03
-6.809546957149429545e+03
-4.802690919875676627e+03
-6.577311323224414991e+03
-6.032050593207844940e+03
-5.358800342995804385e+03
-5.910306874666990552e+03
-5.695255537302947232e+03
-7.494829726687132279e+03
-6.153173800780284182e+03
-4.786004817220156838e+03
-5.671845357622907613e+03
-5.682749092375518558e+03
-5.050493260061647561e+03
-5.525400040512425221e+03
-5.767190783116996499e+03
-6.824246557191344436e+03
-6.635637555833408442e+03
-4.478141657666698848e+03
-6.849400874416430270e+03
-8.903830621550072465e+03
-6.058986954109124781e+03
-6.902819255801867257e+03
-5.678888886307361645e+03
-4.437264347653873301e+03
-5.316315088609169834e+03
-4.945111459075006678e+03
-5.727364253089506747e+03
-5.458145817318470108e+03
-6.555430824880304499e+03
-5.283622553329567381e+03
-6.620869868583155039e+03
-5.159977457131634765e+03
-5.554661292657486229e+03
-6.176209707731065464e+03
-5.870806016791874754e+03
-7.014797962316411940e+03
-3.630442003934683271e+03
-5.292965659049504211e+03
-3.436775202865815118e+03
-5.638922361108289806e+03
-7.465078331007814995e+03
-6.058121662656370063e+03
-6.338732385775207149e+03
-6.382953726587577876e+03
-5.510410366847972000e+03
-5.279424306046970742e+03
-2.838098290241890936e+03
-4.999194368473054965e+03
-6.957000000000000000e+03
-6.539379168235821453e+03
-6.012979017986389408e+03
-6.259249003411869126e+03
-6.333037005826131463e+03
-5.476769213309525185e+03
-5.148364694556343238e+03
-6.498345520120194124e+03
-2.794262234483518114e+03
-5.607236718464054320e+03
-5.742769814111307824e+03
-5.240864707120759704e+03
-6.137483508561236704e+03
-6.333961941022608698e+03
-6.460118656818394811e+03
-4.965508638441579933e+03
-2.909898394114956773e+03
-6.153049510552323227e+03
-3.902195788311175420e+03
-6.896721531321913062e+03
-5.846360982953901839e+03
-6.412154433684182550e+03
-6.452912062967258862e+03
-4.471949267415753638e+03
-5.948120094076371061e+03
-6.116668661278036780e+03
-7.338106998971671601e+03
-6.141932873943635059e+03
-4.484010714821244619e+03
-4.852679767284126683e+03
-7.625115478240601988e+03
-5.085595183368755897e+03
-4.452483174502409383e+03
-6.245888527627096664e+03
-5.510876163270273537e+03
-6.829024496454770087e+03
-5.364608596650349682e+03
-6.874943007897375537e+03
-6.048295092191893673e+03
-6.699486835676827468e+03
-5.705109664569882625e+03
-6.436660080259559436e+03
-5.759327485519409493e+03
-4.877812593688702691e+03
-7.101431128519886443e+03
-6.266916181980263900e+03
-7.748861712739417271e+03
-6.141863810212589669e+03
-4.515253534404815582e+03
-2.238663810630577700e+03
-5.640967004834465115e+03
-6.026235800730558367e+03
-6.823469626611476997e+03
-5.544891343918166967e+03
-6.744172800528836888e+03
-4.414576153866830282e+03
-6.291698456682720462e+03
-6.677987891884070450e+03
-5.080952702183676593e+03
-6.851896199268605415e+03
-6.617937894483339733e+03
-6.108355216202894553e+03
-5.527364886056667274e+03
-4.355424948082086303e+03
-6.484362629664442466e+03
-2.966822055802569139e+03
-5.457999347260415561e+03
-4.631709288082965031e+03
-5.469338810374842069e+03
-6.666170664739718632e+03
-6.549384872976790575e+03
-4.770483580074491329e+03
-5.745248165249370686e+03
-7.921040381631420132e+03
-5.142813932746241335e+03
-6.230675843050408730e+03
-4.696341465554226488e+03
-6.813590286396584816e+03
-3.708382461749420600e+03
-6.414887283662881600e+03
-5.481381688887321616e+03
-7.110559492478936590e+03
-4.196978840265896906e+03
-6.206598420082709708e+03
-4.692200435118345922e+03
-5.560886037507418223e+03
-6.988207619167197663e+03
-5.114131209978522747e+03
-5.322916498950617097e+03
-5.457959605622048912e+03
-6.765657752131783127e+03
-5.747183517055300399e+03
-5.817185417635910198e+03
-5.975415152431854040e+03
-5.455277365587442546e+03
-6.019395564521467350e+03
-6.471187365761797082e+03
-5.811194115628893996e+03
-4.403154008873972998e+03
-6.787073854902952917e+03
-5.862977398354809338e+03
-5.824152785312399828e+03
-3.664806902293627900e+03
-5.587197665061696171e+03
-6.945004047805933624e+03
-4.584027135125427776e+03
-5.728536529617582346e+03
-2.382353197443663248e+03
-6.220861831177884596e+03
-5.191126664197752689e+03
-5.355844971064470883e+03
-5.560506112846926044e+03
-6.449197580622753776e+03
-6.077311000203204458e+03
-5.284678323940393966e+03
-4.262657930263780145e+03
-6.445266889553006877e+03
-5.301961549809019743e+03
-5.878419894235042193e+03
-4.462763553667859014e+03
-7.091507830299280613e+03
-6.792538099258160400e+03
-6.335208317622530558e+03
-5.780275930670735761e+03
-5.778859408322645322e+03
-6.344217585497775872e+03
-4.273246487944277760e+03
-5.878676277436362398e+03
-5.022560641384631708e+03
-5.081703412699888759e+03
-6.144426371367326283e+03
-3.577306485730774057e+03
-6.543119197934630392e+03
-4.677324846504900052e+03
-5.672934104150785060e+03
-7.282471189262369990e+03
-3.592394266755319222e+03
-6.892147005735210769e+03
-6.505872638062215628e+03
-6.660646613820997118e+03
-3.939933462135962600e+03
-6.209877430979615383e+03
-5.895427705131365656e+03
-6.815143675242226891e+03
-5.887130659436612405e+03
-5.363280901074706890e+03
-6.931097140472076717e+03
-7.463399340075160580e+03
-6.555285381895184400e+03
-2.827215840213965294e+03
-5.306219141837703319e+03
-6.668174648679738311e+03
-5.501108404554369372e+03
-5.724075898015667008e+03
-5.826074502311766082e+03
-6.233993162827750893e+03
-6.409599489091160649e+03
-5.721788015352410184e+03
-5.923031647942917516e+03
-5.736310606127181927e+03
-5.746366967425522489e+03
-4.073770162376048120e+03
-5.627802425509335080e+03
-6.366318101580600342e+03
-4.500133286030220006e+03
-5.632298558952851636e+03
-6.332119669338545464e+03
-5.660849906110057418e+03
-5.093966481613446376e+03
-3.946737319140461750e+03
-6.748298681331240005e+03
-5.592329957230024775e+03
-5.183037220525860903e+03
-4.707146776330946523e+03
-4.745189036274751743e+03
-6.694232130496992795e+03
-6.143531620396302060e+03
-6.632000675898599184e+03
-5.773009157220859379e+03
-3.774498061292238162e+03
-5.738246149484237321e+03
-4.562222673727499568e+03
-6.767554551599762817e+03
-5.682051660373387676e+03
-6.716154899767674578e+03
-6.322393582405978123e+03
-5.310684623608187394e+03
-5.314430847699057267e+03
-6.444278428235586034e+03
-5.028456875930617571e+03
-6.147454330446806125e+03
-6.369299393326642530e+03
-5.346099249947301359e+03
-5.884057303882610540e+03
-5.466917860476194619e+03
-6.055890439782696376e+03
-5.885396638069913024e+03
-6.908996221777241772e+03
-6.686149749435552621e+03
-3.751522266080751251e+03
-7.038500002670605681e+03
-4.501835777478526325e+03
-7.014797313168053734e+03
-6.191093367115869114e+03
-7.514794952791187825e+03
-6.166436977938894415e+03
-5.068554325270831214e+03
-5.455170649684291675e+03
-5.418179525530955289e+03
-6.305763290785241225e+03
-7.605749302475219338e+03
-5.486987244956051654e+03
-5.083030509608625835e+03
-5.946205284151243177e+03
-6.421057201018164051e+03
-5.711892648951653428e+03
-5.662080706698076028e+03
-4.672749895295467468e+03
-6.636880414274693067e+03
-6.466163077309848632e+03
-6.400108558532958341e+03
-4.052903059054771802e+03
-5.229052996960618657e+03
-6.835195049058909717e+03
-5.967917216023799483e+03
-3.743309103496525040e+03
-7.284241413112707960e+03
-4.985525387194708856e+03
-6.501943082925677118e+03
-7.171951358737996998e+03
-6.017396143498101083e+03
-6.938853007697393878e+03
-1.997947212703094920e+03
-4.231064208596047138e+03
-6.398123311280695816e+03
-3.573822300126309074e+03
-5.678316967415929867e+03
-5.448851124983129012e+03
-4.937313839075731266e+03
-6.960173073435439619e+03
-7.689906367728113764e+03
-5.199286918236201927e+03
-6.955852239582836773e+03
-4.894907183372797590e+03
-6.483836059014883176e+03
-3.806020630898871332e+03
-6.256511795633135080e+03
-4.882566832954733400e+03
-4.546345625254908555e+03
-4.510746210452341984e+03
-7.286159104532709534e+03
-6.403570004448277359e+03
-7.461551386806094342e+03
-5.924718115957000009e+03
-5.355682277902118585e+03
-5.279493481071463975e+03
-4.755687184728364628e+03
-6.016376370711135678e+03
-4.742070230501685728e+03
-5.720974702273388175e+03
-6.178533794606511037e+03
-5.829744069233367554e+03
-5.452157355442433072e+03
-3.984180852760862308e+03
-6.219638416811038041e+03
-6.143685349824576406e+03
-4.490743662804598898e+03
-4.363363427485103784e+03
-5.347779079303093567e+03
-4.926700051555912978e+03
-5.403073291565518957e+03
-5.754296257872761998e+03
-6.875885475364287231e+03
-4.745772598866786211e+03
-5.442823590108123426e+03
-5.571894768589253545e+03
-5.892524513310692782e+03
-5.361166648850607089e+03
-5.047600381076210397e+03
-5.920054567582316849e+03
-6.370333184299097411e+03
-6.015348542315398845e+03
-5.389742745307171390e+03
-6.921997556216162593e+03
-5.102749472311019417e+03
-5.573417417643642693e+03
-6.269833672409355131e+03
-7.249505582261185737e+03
-6.870932888218251719e+03
-4.604875080280228758e+03
-8.186512052775300617e+03
-5.481745366333629136e+03
-4.772162619017894031e+03
-4.974486726964656555e+03
-6.071331273258390866e+03
-6.149663894599038031e+03
-4.814032616808958664e+03
-7.860281787321752745e+03
-5.730529159043614527e+03
-6.393915030652850874e+03
-5.881465638600637249e+03
-5.777776943435820613e+03
-6.650301346428836041e+03
-6.155625577932420128e+03
-6.661562021169779655e+03
-5.774582586621179871e+03
-6.950190440654204394e+03
-7.539721424336435120e+03
-5.149650185800664985e+03
-6.209160109668351652e+03
-5.155114587904707150e+03
-6.793944815425163142e+03
-6.410419203825812474e+03
-3.699948231320714967e+03
-6.494636246416358517e+03
-5.932053422097654220e+03
-7.932118075110124664e+03
-7.010967887268690902e+03
-7.125704767692997848e+03
-4.337872230796912845e+03
-7.510076139868682731e+03
-6.844030130155739243e+03
-6.234505009543341657e+03
-3.986261209370768938e+03
-5.535634009873185278e+03
-6.374741492457791537e+03
-7.467474834464713240e+03
-6.454101603838567826e+03
-4.194202773153672752e+03
-6.025631405318819816e+03
-3.510473017493383395e+03
-6.054187525643151275e+03
-7.087000000000000000e+03
-4.811967401874304414e+03
-5.775909159139185249e+03
-6.127812082313565043e+03
-5.542604641375954088e+03
-4.223223156369709614e+03
-6.027471772183967005e+03
-7.266354281458026890e+03
-5.433530298475781819e+03
-6.483652459828055726e+03
-7.408306806002132362e+03
-5.574044966172625209e+03
-8.001167184159656244e+03
-7.541650444727628383e+03
-5.377581810948880047e+03
-6.589497409858419815e+03
-5.915619608669080662e+03
-5.811903282609351663e+03
-5.540071865267409521e+03
-6.257059955582220027e+03
-6.047131248714996218e+03
-6.507325384642421341e+03
-5.647815909388515138e+03
-6.699433076368842194e+03
-6.034072587482858580e+03
-6.269398499281424847e+03
-5.458363053714614580e+03
-4.297233963287110782e+03
-4.082598906571070529e+03
-5.952816126062487456e+03
-6.285621434928422786e+03
-6.762814551487394056e+03
-6.616041847268509628e+03
-3.579819770782250544e+03
-6.033350770612342785e+03
-3.864435185200139131e+03
-5.545899219128872573e+03
-4.576488251947777826e+03
-5.062476512431229821e+03
-4.842617687709205711e+03
-5.811575474576923625e+03
-6.494985044933905556e+03
-6.391920212066395834e+03
-5.773876329240352788e+03
-5.980433507740252026e+03
-6.834458643788771042e+03
-6.233062391195232522e+03
-5.673686953128802998e+03
-6.191299885890512087e+03
-6.183017091868627176e+03
-6.142806050764726933e+03
-6.422176070226658339e+03
-6.082585430867292416e+03
-6.634056031737187368e+03
-3.915770887187092285e+03
-4.948133485119401485e+03
-6.301076640117349598e+03
-4.716188972507142353e+03
-4.812903188261824653e+03
-6.081427512237090923e+03
-5.930423808160139743e+03
-5.017616314039126337e+03
-7.036837297867519737e+03
-5.517322036279677377e+03
-5.999764161393079121e+03
-5.503190803837743260e+03
-5.496567247701516862e+03
-5.100485507467787102e+03
-5.787035569001318436e+03
-5.454230440758442455e+03
-4.864145477971071159e+03
-6.502185060259910642e+03
-6.762470407829790020e+03
-4.551939343375582212e+03
-5.826748176121946926e+03
-6.029310200326724043e+03
-4.520570497737851838e+03
-6.678188736992608028e+03
-6.255103146807246958e+03
-6.502569801674602786e+03
-6.075953740142677816e+03
-6.508630612922402179e+03
-7.083300058041900229e+03
-5.858370523936676364e+03
-6.505203921283947238e+03
-2.732951142479940245e+03
-6.440925687517993538e+03
-6.331188496778566332e+03
-6.877418697396359676e+03
-6.639934568283358203e+03
-6.762307524856199962e+03
-4.648800405552051416e+03
-5.188608963792257782e+03
-5.578446387147035239e+03
-8.073945141274734851e+03
-6.728357014935831103e+03
-5.425217806729674521e+03
-6.702773928913808959e+03
-5.861533277994154560e+03
-6.006019935632419219e+03
-7.178856723783787857e+03
-4.818638026966775215e+03
-6.316995778169836740e+03
-4.847774073126236544e+03
-6.583302624394556915e+03
-5.475774522992001948e+03
-5.330165668318643839e+03
-6.593419995883105912e+03
-6.330185810939066869e+03
-6.915807699514427441e+03
-6.898967148261245711e+03
-6.283512729975795992e+03
-6.108438870261024931e+03
-6.767143944486875625e+03
-5.799153301634656600e+03
-5.725621481291346754e+03
-7.563962473552905067e+03
-6.099356125968096421e+03
-6.788386779007618316e+03
-6.149896799143194585e+03
-6.502334949495502769e+03
-6.197264529871225022e+03
-5.928452087609153750e+03
-5.854901848554971366e+03
-6.395380393059134803e+03
-5.393772750208720936e+03
-6.260603736352927626e+03
-5.997698095291790196e+03
-5.231380807895111502e+03
-5.660259860491407380e+03
-6.762570510494459995e+03
-6.608928404506423249e+03
-6.667462110088548798e+03
-6.474723113638241557e+03
-6.633164709769501314e+03
-8.197850426499648165e+03
-5.894202357367022159e+03
-6.407265625132269633e+03
-5.666943373782637536e+03
-5.578329948373882871e+03
-6.911508288630577226e+03
-6.045107017523499962e+03
-6.081282563776094321e+03
-6.161446708822107212e+03
-5.556249166701807553e+03
-4.845987853238209937e+03
-5.119315590538711149e+03
-5.781581737126982262e+03
-6.073496931210524963e+03
-5.429360304430786528e+03
-4.297227925241622870e+03
-6.843300469535715820e+03
-5.980089334729588700e+03
-7.268000000000000000e+03
-6.212286888555133373e+03
-5.024482103704934161e+03
-7.582279764903391879e+03
-6.602009373136894283e+03
-5.797729155428547529e+03
-4.289230402068065814e+03
-4.303019068411911576e+03
-6.851399209844566940e+03
-5.923438350232956509e+03
-5.475763499792539733e+03
-5.853411037554127688e+03
-5.762103714776900233e+03
-5.196425825881291530e+03
-4.641715010458612596e+03
-5.091623962229972676e+03
-6.247152250073275354e+03
-5.960381519727356135e+03
-6.335423774518261780e+03
-6.231721629537258195e+03
-5.420529111226575878e+03
-7.161583127887077353e+03
-6.357596077052681721e+03
-6.656440992436535453e+03
-6.012968868991304589e+03
-5.511195521709236345e+03
-5.675462910513551833e+03
-6.700124864886691284e+03
-5.006884894401895508e+03
-6.167922117481309215e+03
-6.137273189400917545e+03
-5.410103160511110218e+03
-6.389989215302563025e+03
-6.198760828822000803e+03
-6.573212628067589321e+03
-5.126807067322732109e+03
-7.073204150566474709e+03
-5.370372393611050938e+03
-6.874705199750401334e+03
-5.739625453040539469e+03
-4.678394819646779069e+03
-6.163051546172525377e+03
-5.692555275468826949e+03
-5.647062775815345049e+03
-6.410237034909699105e+03
-3.964949673311064544e+03
-4.858245997055523731e+03
-2.085868431221053470e+03
-5.898565391436787650e+03
-6.203457167135567033e+03
-5.240249283382863723e+03
-5.873230978471005074e+03
-4.790767366020511872e+03
-6.966411352555737722e+03
-5.726309271358974911e+03
-5.509174289466866867e+03
-5.732956580782009041e+03
-4.373222346162584472e+03
-5.901623046334249921e+03
-3.391221880698030418e+03
-7.152974720508432256e+03
-4.213108439676175294e+03
-5.796256096998115027e+03
-5.340898416121701302e+03
-3.310898139380189150e+03
-5.873948168817870283e+03
-5.597467660226343469e+03
-5.773342933078205533e+03
-6.741620536548243763e+03
-5.138622951600292254e+03
-5.842409884060101831e+03
